Date of Entry,Crerar,Regenstein,Total
7/1/2009,308,1856,2164
7/2/2009,331,1752,2083
7/3/2009,211,650,861
7/4/2009,172,7,179
7/5/2009,206,563,769
7/6/2009,328,1954,2282
7/7/2009,407,2034,2441
7/8/2009,392,1983,2375
7/9/2009,362,1728,2090
7/10/2009,321,1394,1715
7/11/2009,198,509,707
7/12/2009,219,512,731
7/13/2009,376,1781,2157
7/14/2009,367,1781,2148
7/15/2009,387,1773,2160
7/16/2009,361,1764,2125
7/17/2009,259,1347,1606
7/18/2009,195,432,627
7/19/2009,200,501,701
7/20/2009,362,1776,2138
7/21/2009,381,1810,2191
7/22/2009,378,1721,2099
7/23/2009,398,1691,2089
7/24/2009,271,1305,1576
7/25/2009,145,446,591
7/26/2009,168,482,650
7/27/2009,338,1840,2178
7/28/2009,326,1829,2155
7/29/2009,330,1689,2019
7/30/2009,302,1604,1906
7/31/2009,306,1329,1635
8/1/2009,139,419,558
8/2/2009,162,402,564
8/3/2009,336,1600,1936
8/4/2009,303,1653,1956
8/5/2009,325,1582,1907
8/6/2009,296,1533,1829
8/7/2009,273,1310,1583
8/8/2009,127,377,504
8/9/2009,209,489,698
8/10/2009,309,1553,1862
8/11/2009,315,1577,1892
8/12/2009,289,1517,1806
8/13/2009,302,1474,1776
8/14/2009,246,1143,1389
8/15/2009,159,405,564
8/16/2009,168,416,584
8/17/2009,309,1420,1729
8/18/2009,314,1502,1816
8/19/2009,268,1453,1721
8/20/2009,297,1320,1617
8/21/2009,249,1087,1336
8/22/2009,140,386,526
8/23/2009,177,382,559
8/24/2009,276,1313,1589
8/25/2009,296,1284,1580
8/26/2009,264,1210,1474
8/27/2009,283,1135,1418
8/28/2009,269,1038,1307
8/29/2009,155,376,531
8/30/2009,291,7,298
8/31/2009,312,1284,1596
9/1/2009,309,1190,1499
9/2/2009,328,1218,1546
9/3/2009,378,1375,1753
9/4/2009,287,1069,1356
9/5/2009,157,367,524
9/6/2009,263,7,270
9/7/2009,282,8,290
9/8/2009,362,1423,1785
9/9/2009,347,1273,1620
9/10/2009,396,1339,1735
9/11/2009,287,1040,1327
9/12/2009,163,357,520
9/13/2009,242,9,251
9/14/2009,315,1390,1705
9/15/2009,376,1461,1837
9/16/2009,330,1353,1683
9/17/2009,328,1353,1681
9/18/2009,312,1262,1574
9/19/2009,61,427,488
9/20/2009,,12,12
9/21/2009,332,923,1255
9/22/2009,347,1605,1952
9/23/2009,401,1737,2138
9/24/2009,433,1793,2226
9/25/2009,310,1452,1762
9/26/2009,197,545,742
9/27/2009,225,358,583
9/28/2009,356,2081,2437
9/29/2009,550,3428,3978
9/30/2009,595,3764,4359
10/1/2009,600,3328,3928
10/2/2009,446,2716,3162
10/3/2009,189,1109,1298
10/4/2009,352,1834,2186
10/5/2009,763,4165,4928
10/6/2009,668,4075,4743
10/7/2009,646,3946,4592
10/8/2009,499,3488,3987
10/9/2009,396,2533,2929
10/10/2009,250,1049,1299
10/11/2009,343,2038,2381
10/12/2009,673,4215,4888
10/13/2009,698,3960,4658
10/14/2009,645,3939,4584
10/15/2009,612,3331,3943
10/16/2009,469,2593,3062
10/17/2009,235,1187,1422
10/18/2009,380,2019,2399
10/19/2009,692,4150,4842
10/20/2009,679,4161,4840
10/21/2009,655,3996,4651
10/22/2009,496,3641,4137
10/23/2009,429,2498,2927
10/24/2009,204,1224,1428
10/25/2009,391,2186,2577
10/26/2009,731,4486,5217
10/27/2009,641,4307,4948
10/28/2009,665,4041,4706
10/29/2009,590,3615,4205
10/30/2009,371,2405,2776
10/31/2009,242,1220,1462
11/1/2009,446,2377,2823
11/2/2009,788,4416,5204
11/3/2009,666,4153,4819
11/4/2009,594,4085,4679
11/5/2009,616,3601,4217
11/6/2009,362,2623,2985
11/7/2009,248,1211,1459
11/8/2009,460,2033,2493
11/9/2009,747,4277,5024
11/10/2009,652,4167,4819
11/11/2009,736,4113,4849
11/12/2009,581,3533,4114
11/13/2009,431,2614,3045
11/14/2009,213,1210,1423
11/15/2009,329,2084,2413
11/16/2009,672,4242,4914
11/17/2009,585,3953,4538
11/18/2009,633,3922,4555
11/19/2009,513,2914,3427
11/20/2009,408,2942,3350
11/21/2009,257,1725,1982
11/22/2009,309,3000,3309
11/23/2009,598,6023,6621
11/24/2009,524,4788,5312
11/25/2009,329,2816,3145
11/26/2009,2,7,9
11/27/2009,128,886,1014
11/28/2009,156,1191,1347
11/29/2009,304,2357,2661
11/30/2009,754,5883,6637
12/1/2009,710,5919,6629
12/2/2009,663,5336,5999
12/3/2009,702,5249,5951
12/4/2009,711,4556,5267
12/5/2009,600,3203,3803
12/6/2009,717,4240,4957
12/7/2009,929,6305,7234
12/8/2009,776,5515,6291
12/9/2009,557,4898,5455
12/10/2009,436,3656,4092
12/11/2009,270,2306,2576
12/12/2009,141,607,748
12/13/2009,154,362,516
12/14/2009,214,1370,1584
12/15/2009,203,1338,1541
12/16/2009,171,1113,1284
12/17/2009,181,1161,1342
12/18/2009,160,920,1080
12/19/2009,72,273,345
12/20/2009,84,177,261
12/21/2009,161,834,995
12/22/2009,109,674,783
12/23/2009,85,567,652
12/24/2009,59,270,329
12/25/2009,,3,3
12/26/2009,35,128,163
12/27/2009,65,101,166
12/28/2009,115,615,730
12/29/2009,110,671,781
12/30/2009,116,663,779
12/31/2009,95,538,633
1/1/2010,,10,10
1/2/2010,96,389,485
1/3/2010,124,359,483
1/4/2010,445,3744,4189
1/5/2010,454,4188,4642
1/6/2010,557,4342,4899
1/7/2010,397,3782,4179
1/8/2010,385,2985,3370
1/9/2010,132,1262,1394
1/10/2010,276,2546,2822
1/11/2010,633,4781,5414
1/12/2010,566,4928,5494
1/13/2010,530,4832,5362
1/14/2010,547,4257,4804
1/15/2010,388,2950,3338
1/16/2010,158,1436,1594
1/17/2010,252,2086,2338
1/18/2010,434,3768,4202
1/19/2010,616,4882,5498
1/20/2010,563,4789,5352
1/21/2010,492,4029,4521
1/22/2010,450,3159,3609
1/23/2010,300,1975,2275
1/24/2010,398,3016,3414
1/25/2010,673,5148,5821
1/26/2010,560,5035,5595
1/27/2010,566,4940,5506
1/28/2010,539,4695,5234
1/29/2010,386,3137,3523
1/30/2010,251,1882,2133
1/31/2010,311,3260,3571
2/1/2010,681,5349,6030
2/2/2010,625,5239,5864
2/3/2010,662,5270,5932
2/4/2010,582,4613,5195
2/5/2010,440,3209,3649
2/6/2010,266,1921,2187
2/7/2010,351,2874,3225
2/8/2010,694,5434,6128
2/9/2010,572,5005,5577
2/10/2010,563,4986,5549
2/11/2010,477,3909,4386
2/12/2010,310,2393,2703
2/13/2010,170,1536,1706
2/14/2010,261,2589,2850
2/15/2010,650,5088,5738
2/16/2010,657,4958,5615
2/17/2010,628,5034,5662
2/18/2010,582,4674,5256
2/19/2010,440,3169,3609
2/20/2010,258,1792,2050
2/21/2010,359,2958,3317
2/22/2010,598,5335,5933
2/23/2010,605,5151,5756
2/24/2010,575,4952,5527
2/25/2010,599,4485,5084
2/26/2010,441,3251,3692
2/27/2010,232,1733,1965
2/28/2010,352,3017,3369
3/1/2010,661,5412,6073
3/2/2010,609,5362,5971
3/3/2010,615,5182,5797
3/4/2010,520,4709,5229
3/5/2010,450,3374,3824
3/6/2010,283,2190,2473
3/7/2010,417,3267,3684
3/8/2010,756,5795,6551
3/9/2010,740,5748,6488
3/10/2010,719,5105,5824
3/11/2010,666,5280,5946
3/12/2010,625,4331,4956
3/13/2010,569,3184,3753
3/14/2010,764,4575,5339
3/15/2010,1019,5865,6884
3/16/2010,863,5468,6331
3/17/2010,805,4911,5716
3/18/2010,578,3764,4342
3/19/2010,290,2177,2467
3/20/2010,87,661,748
3/21/2010,159,471,630
3/22/2010,278,1406,1684
3/23/2010,249,1326,1575
3/24/2010,263,1274,1537
3/25/2010,254,1318,1572
3/26/2010,232,1168,1400
3/27/2010,181,580,761
3/28/2010,202,547,749
3/29/2010,518,3877,4395
3/30/2010,565,4321,4886
3/31/2010,636,4709,5345
4/1/2010,522,4061,4583
4/2/2010,446,3194,3640
4/3/2010,248,1557,1805
4/4/2010,251,2087,2338
4/5/2010,712,4943,5655
4/6/2010,610,4829,5439
4/7/2010,548,4622,5170
4/8/2010,527,4464,4991
4/9/2010,454,3264,3718
4/10/2010,242,1581,1823
4/11/2010,338,3054,3392
4/12/2010,663,5367,6030
4/13/2010,655,5143,5798
4/14/2010,698,5030,5728
4/15/2010,599,4602,5201
4/16/2010,505,3131,3636
4/17/2010,272,1797,2069
4/18/2010,434,3178,3612
4/19/2010,730,5452,6182
4/20/2010,607,5162,5769
4/21/2010,662,5120,5782
4/22/2010,614,4765,5379
4/23/2010,461,3217,3678
4/24/2010,302,1953,2255
4/25/2010,440,3282,3722
4/26/2010,824,5698,6522
4/27/2010,730,5425,6155
4/28/2010,753,5375,6128
4/29/2010,664,4922,5586
4/30/2010,473,3378,3851
5/1/2010,312,2048,2360
5/2/2010,495,3547,4042
5/3/2010,748,5482,6230
5/4/2010,692,5080,5772
5/5/2010,642,5134,5776
5/6/2010,579,4527,5106
5/7/2010,414,2951,3365
5/8/2010,236,1562,1798
5/9/2010,378,2706,3084
5/10/2010,686,5238,5924
5/11/2010,652,4900,5552
5/12/2010,634,5231,5865
5/13/2010,643,4827,5470
5/14/2010,491,3572,4063
5/15/2010,285,1758,2043
5/16/2010,410,3188,3598
5/17/2010,698,5176,5874
5/18/2010,665,5000,5665
5/19/2010,606,4859,5465
5/20/2010,538,4332,4870
5/21/2010,415,3283,3698
5/22/2010,272,1754,2026
5/23/2010,390,3075,3465
5/24/2010,818,5814,6632
5/25/2010,797,5527,6324
5/26/2010,733,5507,6240
5/27/2010,671,4913,5584
5/28/2010,479,3564,4043
5/29/2010,321,1882,2203
5/30/2010,450,3037,3487
5/31/2010,612,4229,4841
6/1/2010,932,6832,7764
6/2/2010,857,5801,6658
6/3/2010,854,4973,5827
6/4/2010,646,3955,4601
6/5/2010,550,2587,3137
6/6/2010,630,3705,4335
6/7/2010,763,5136,5899
6/8/2010,634,4601,5235
6/9/2010,644,4369,5013
6/10/2010,542,3956,4498
6/11/2010,322,2351,2673
6/12/2010,168,581,749
6/13/2010,213,523,736
6/14/2010,415,1795,2210
6/15/2010,364,1649,2013
6/16/2010,310,1652,1962
6/17/2010,340,1690,2030
6/18/2010,312,1371,1683
6/19/2010,199,710,909
6/20/2010,238,445,683
6/21/2010,320,2101,2421
6/22/2010,356,2107,2463
6/23/2010,274,1958,2232
6/24/2010,387,2068,2455
6/25/2010,375,1574,1949
6/26/2010,206,554,760
6/27/2010,256,574,830
6/28/2010,398,2050,2448
6/29/2010,386,2054,2440
6/30/2010,353,1904,2257
7/1/2010,346,1804,2150
7/2/2010,307,1271,1578
7/3/2010,209,493,702
7/4/2010,,9,9
7/5/2010,280,977,1257
7/6/2010,392,2282,2674
7/7/2010,412,2106,2518
7/8/2010,362,2057,2419
7/9/2010,332,1509,1841
7/10/2010,243,521,764
7/11/2010,298,514,812
7/12/2010,396,2042,2438
7/13/2010,441,2114,2555
7/14/2010,408,2135,2543
7/15/2010,366,2124,2490
7/16/2010,366,1596,1962
7/17/2010,272,546,818
7/18/2010,297,690,987
7/19/2010,402,2082,2484
7/20/2010,422,2089,2511
7/21/2010,387,2044,2431
7/22/2010,435,2120,2555
7/23/2010,363,1493,1856
7/24/2010,168,489,657
7/25/2010,222,574,796
7/26/2010,369,1981,2350
7/27/2010,361,1971,2332
7/28/2010,326,2173,2499
7/29/2010,308,1990,2298
7/30/2010,300,1433,1733
7/31/2010,202,484,686
8/1/2010,178,523,701
8/2/2010,345,1836,2181
8/3/2010,279,1716,1995
8/4/2010,280,1808,2088
8/5/2010,302,1845,2147
8/6/2010,286,1324,1610
8/7/2010,173,399,572
8/8/2010,133,498,631
8/9/2010,321,1742,2063
8/10/2010,356,1776,2132
8/11/2010,342,1771,2113
8/12/2010,329,1811,2140
8/13/2010,314,1329,1643
8/14/2010,180,413,593
8/15/2010,214,482,696
8/16/2010,349,1699,2048
8/17/2010,348,1656,2004
8/18/2010,385,1750,2135
8/19/2010,364,1621,1985
8/20/2010,325,1315,1640
8/21/2010,184,449,633
8/22/2010,158,475,633
8/23/2010,324,1695,2019
8/24/2010,340,1760,2100
8/25/2010,284,1717,2001
8/26/2010,285,1592,1877
8/27/2010,259,1285,1544
8/28/2010,147,487,634
8/29/2010,310,17,327
8/30/2010,345,1727,2072
8/31/2010,275,1621,1896
9/1/2010,280,1509,1789
9/2/2010,282,1479,1761
9/3/2010,255,1266,1521
9/4/2010,149,446,595
9/5/2010,230,13,243
9/6/2010,329,28,357
9/7/2010,367,1696,2063
9/8/2010,343,1757,2100
9/9/2010,328,1710,2038
9/10/2010,270,1455,1725
9/11/2010,212,510,722
9/12/2010,334,11,345
9/13/2010,408,1870,2278
9/14/2010,401,1889,2290
9/15/2010,394,1908,2302
9/16/2010,397,1917,2314
9/17/2010,305,1608,1913
9/18/2010,163,513,676
9/19/2010,242,274,516
9/20/2010,360,2195,2555
9/21/2010,355,2240,2595
9/22/2010,463,2753,3216
9/23/2010,447,2658,3105
9/24/2010,402,2056,2458
9/25/2010,194,903,1097
9/26/2010,293,889,1182
9/27/2010,667,4742,5409
9/28/2010,638,4928,5566
9/29/2010,766,5150,5916
9/30/2010,651,4560,5211
10/1/2010,562,3734,4296
10/2/2010,224,1538,1762
10/3/2010,333,2630,2963
10/4/2010,795,5709,6504
10/5/2010,762,5391,6153
10/6/2010,750,5372,6122
10/7/2010,621,4698,5319
10/8/2010,516,3558,4074
10/9/2010,187,1041,1228
10/10/2010,346,2645,2991
10/11/2010,659,5169,5828
10/12/2010,731,5623,6354
10/13/2010,686,5672,6358
10/14/2010,664,4749,5413
10/15/2010,486,3413,3899
10/16/2010,292,1789,2081
10/17/2010,420,3217,3637
10/18/2010,750,5992,6742
10/19/2010,735,5739,6474
10/20/2010,705,5547,6252
10/21/2010,619,4886,5505
10/22/2010,488,3226,3714
10/23/2010,227,1884,2111
10/24/2010,449,3157,3606
10/25/2010,760,5678,6438
10/26/2010,679,5604,6283
10/27/2010,829,5957,6786
10/28/2010,703,4622,5325
10/29/2010,602,3206,3808
10/30/2010,218,1532,1750
10/31/2010,436,3209,3645
11/1/2010,698,5340,6038
11/2/2010,684,5437,6121
11/3/2010,682,5289,5971
11/4/2010,565,4569,5134
11/5/2010,453,3072,3525
11/6/2010,235,1742,1977
11/7/2010,337,3160,3497
11/8/2010,761,5478,6239
11/9/2010,720,5482,6202
11/10/2010,669,5517,6186
11/11/2010,662,4846,5508
11/12/2010,435,3481,3916
11/13/2010,211,1608,1819
11/14/2010,380,2966,3346
11/15/2010,734,5686,6420
11/16/2010,713,5418,6131
11/17/2010,657,5292,5949
11/18/2010,611,4552,5163
11/19/2010,454,3319,3773
11/20/2010,229,1595,1824
11/21/2010,361,2964,3325
11/22/2010,714,5254,5968
11/23/2010,488,4301,4789
11/24/2010,379,2536,2915
11/25/2010,,1,1
11/26/2010,109,868,977
11/27/2010,218,1133,1351
11/28/2010,284,2307,2591
11/29/2010,733,5585,6318
11/30/2010,705,5555,6260
12/1/2010,680,4996,5676
12/2/2010,764,4961,5725
12/3/2010,700,4357,5057
12/4/2010,510,2738,3248
12/5/2010,715,4391,5106
12/6/2010,865,5960,6825
12/7/2010,741,5433,6174
12/8/2010,644,4910,5554
12/9/2010,588,4179,4767
12/10/2010,316,2463,2779
12/11/2010,179,643,822
12/12/2010,150,345,495
12/13/2010,306,1428,1734
12/14/2010,275,1451,1726
12/15/2010,209,1357,1566
12/16/2010,208,1356,1564
12/17/2010,186,1019,1205
12/18/2010,115,313,428
12/19/2010,100,191,291
12/20/2010,187,1039,1226
12/21/2010,162,951,1113
12/22/2010,131,902,1033
12/23/2010,100,709,809
12/24/2010,,10,10
12/25/2010,,2,2
12/26/2010,,5,5
12/27/2010,124,688,812
12/28/2010,133,771,904
12/29/2010,152,812,964
12/30/2010,148,843,991
12/31/2010,,12,12
1/1/2011,,4,4
1/2/2011,172,501,673
1/3/2011,576,3945,4521
1/4/2011,561,4335,4896
1/5/2011,548,4241,4789
1/6/2011,540,4122,4662
1/7/2011,439,3018,3457
1/8/2011,159,1338,1497
1/9/2011,249,2647,2896
1/10/2011,619,4950,5569
1/11/2011,489,4471,4960
1/12/2011,545,4719,5264
1/13/2011,469,4090,4559
1/14/2011,376,2921,3297
1/15/2011,160,1249,1409
1/16/2011,184,1937,2121
1/17/2011,367,3484,3851
1/18/2011,573,5021,5594
1/19/2011,540,4960,5500
1/20/2011,489,4325,4814
1/21/2011,396,3121,3517
1/22/2011,252,1763,2015
1/23/2011,320,2900,3220
1/24/2011,655,5195,5850
1/25/2011,566,5293,5859
1/26/2011,633,5041,5674
1/27/2011,519,4751,5270
1/28/2011,405,3270,3675
1/29/2011,209,1777,1986
1/30/2011,334,3180,3514
1/31/2011,601,5052,5653
2/1/2011,374,3919,4293
2/2/2011,,544,544
2/3/2011,,1039,1039
2/4/2011,408,3457,3865
2/5/2011,278,1922,2200
2/6/2011,282,2773,3055
2/7/2011,654,5290,5944
2/8/2011,606,5027,5633
2/9/2011,522,4697,5219
2/10/2011,369,3896,4265
2/11/2011,306,2632,2938
2/12/2011,172,1759,1931
2/13/2011,324,3099,3423
2/14/2011,578,5125,5703
2/15/2011,553,5154,5707
2/16/2011,585,5111,5696
2/17/2011,597,4778,5375
2/18/2011,416,3330,3746
2/19/2011,249,1850,2099
2/20/2011,263,3097,3360
2/21/2011,644,5223,5867
2/22/2011,504,5082,5586
2/23/2011,503,4995,5498
2/24/2011,503,4686,5189
2/25/2011,405,3438,3843
2/26/2011,181,1671,1852
2/27/2011,269,3014,3283
2/28/2011,663,5475,6138
3/1/2011,554,5232,5786
3/2/2011,570,5259,5829
3/3/2011,525,4880,5405
3/4/2011,404,3297,3701
3/5/2011,196,2069,2265
3/6/2011,389,3694,4083
3/7/2011,677,5882,6559
3/8/2011,675,5926,6601
3/9/2011,663,5335,5998
3/10/2011,744,5508,6252
3/11/2011,615,4665,5280
3/12/2011,666,3344,4010
3/13/2011,784,4994,5778
3/14/2011,972,6322,7294
3/15/2011,708,5437,6145
3/16/2011,576,4998,5574
3/17/2011,489,4146,4635
3/18/2011,254,2398,2652
3/19/2011,162,588,750
3/20/2011,163,422,585
3/21/2011,288,1622,1910
3/22/2011,255,1459,1714
3/23/2011,270,1436,1706
3/24/2011,292,1415,1707
3/25/2011,238,1220,1458
3/26/2011,148,568,716
3/27/2011,248,577,825
3/28/2011,588,4146,4734
3/29/2011,583,4798,5381
3/30/2011,603,4810,5413
3/31/2011,526,4315,4841
4/1/2011,432,3354,3786
4/2/2011,224,1677,1901
4/3/2011,286,2856,3142
4/4/2011,606,5123,5729
4/5/2011,624,5239,5863
4/6/2011,596,5170,5766
4/7/2011,399,3906,4305
4/8/2011,410,3432,3842
4/9/2011,244,1887,2131
4/10/2011,334,3258,3592
4/11/2011,708,5602,6310
4/12/2011,592,5564,6156
4/13/2011,649,5534,6183
4/14/2011,655,4907,5562
4/15/2011,445,3491,3936
4/16/2011,282,1782,2064
4/17/2011,398,3408,3806
4/18/2011,715,5344,6059
4/19/2011,585,4869,5454
4/20/2011,625,5405,6030
4/21/2011,582,4678,5260
4/22/2011,409,3164,3573
4/23/2011,272,1874,2146
4/24/2011,385,3059,3444
4/25/2011,729,5438,6167
4/26/2011,617,5764,6381
4/27/2011,672,5695,6367
4/28/2011,676,5070,5746
4/29/2011,464,3557,4021
4/30/2011,277,2133,2410
5/1/2011,459,3707,4166
5/2/2011,706,5740,6446
5/3/2011,574,5197,5771
5/4/2011,625,5159,5784
5/5/2011,500,4607,5107
5/6/2011,401,3454,3855
5/7/2011,215,1788,2003
5/8/2011,384,3074,3458
5/9/2011,642,5382,6024
5/10/2011,675,5367,6042
5/11/2011,635,5639,6274
5/12/2011,678,5416,6094
5/13/2011,443,3610,4053
5/14/2011,207,1940,2147
5/15/2011,302,3087,3389
5/16/2011,629,7382,8011
5/17/2011,534,6642,7176
5/18/2011,526,6148,6674
5/19/2011,494,5599,6093
5/20/2011,341,4071,4412
5/21/2011,192,2381,2573
5/22/2011,388,3935,4323
5/23/2011,646,6432,7078
5/24/2011,534,6391,6925
5/25/2011,494,5920,6414
5/26/2011,514,5661,6175
5/27/2011,439,4242,4681
5/28/2011,256,2329,2585
5/29/2011,298,3203,3501
5/30/2011,574,5400,5974
5/31/2011,587,7676,8263
6/1/2011,479,6653,7132
6/2/2011,665,5988,6653
6/3/2011,663,4893,5556
6/4/2011,575,3587,4162
6/5/2011,595,4878,5473
6/6/2011,777,6397,7174
6/7/2011,857,7279,8136
6/8/2011,794,6911,7705
6/9/2011,439,4104,4543
6/10/2011,274,2807,3081
6/11/2011,154,782,936
6/12/2011,196,479,675
6/13/2011,399,1989,2388
6/14/2011,338,2111,2449
6/15/2011,325,1925,2250
6/16/2011,421,2088,2509
6/17/2011,347,1583,1930
6/18/2011,252,711,963
6/19/2011,324,452,776
6/20/2011,410,2317,2727
6/21/2011,409,2563,2972
6/22/2011,387,2350,2737
6/23/2011,380,2315,2695
6/24/2011,377,1785,2162
6/25/2011,191,647,838
6/26/2011,271,724,995
6/27/2011,372,2357,2729
6/28/2011,403,2338,2741
6/29/2011,334,2304,2638
6/30/2011,370,2163,2533
7/1/2011,295,1672,1967
7/2/2011,157,703,860
7/3/2011,173,538,711
7/4/2011,2,6,8
7/5/2011,382,2459,2841
7/6/2011,406,2462,2868
7/7/2011,430,2288,2718
7/8/2011,281,1658,1939
7/9/2011,184,597,781
7/10/2011,249,730,979
7/11/2011,414,2478,2892
7/12/2011,419,2486,2905
7/13/2011,387,2206,2593
7/14/2011,382,2327,2709
7/15/2011,283,1679,1962
7/16/2011,175,564,739
7/17/2011,273,762,1035
7/18/2011,441,2499,2940
7/19/2011,480,2536,3016
7/20/2011,446,2668,3114
7/21/2011,485,2636,3121
7/22/2011,340,1591,1931
7/23/2011,224,632,856
7/24/2011,183,635,818
7/25/2011,363,2179,2542
7/26/2011,355,2199,2554
7/27/2011,275,2222,2497
7/28/2011,356,2037,2393
7/29/2011,274,1587,1861
7/30/2011,142,550,692
7/31/2011,207,663,870
8/1/2011,369,2163,2532
8/2/2011,371,2102,2473
8/3/2011,333,1981,2314
8/4/2011,349,2018,2367
8/5/2011,269,1547,1816
8/6/2011,151,490,641
8/7/2011,176,467,643
8/8/2011,322,1852,2174
8/9/2011,297,1878,2175
8/10/2011,284,1723,2007
8/11/2011,325,1502,1827
8/12/2011,246,1320,1566
8/13/2011,149,436,585
8/14/2011,160,452,612
8/15/2011,352,1747,2099
8/16/2011,287,1745,2032
8/17/2011,278,1803,2081
8/18/2011,337,1696,2033
8/19/2011,254,1377,1631
8/20/2011,103,375,478
8/21/2011,152,474,626
8/22/2011,322,1630,1952
8/23/2011,250,1483,1733
8/24/2011,288,1750,2038
8/25/2011,274,1857,2131
8/26/2011,242,1366,1608
8/27/2011,131,426,557
8/28/2011,299,18,317
8/29/2011,275,1603,1878
8/30/2011,279,1509,1788
8/31/2011,268,1492,1760
9/1/2011,265,1560,1825
9/2/2011,265,1351,1616
9/3/2011,148,475,623
9/4/2011,239,4,243
9/5/2011,288,7,295
9/6/2011,303,1745,2048
9/7/2011,243,1612,1855
9/8/2011,255,1522,1777
9/9/2011,237,1377,1614
9/10/2011,146,522,668
9/11/2011,291,6,297
9/12/2011,343,1731,2074
9/13/2011,317,1916,2233
9/14/2011,308,1728,2036
9/15/2011,320,1805,2125
9/16/2011,261,1381,1642
9/17/2011,133,553,686
9/18/2011,203,270,473
9/19/2011,343,2004,2347
9/20/2011,359,2231,2590
9/21/2011,402,2444,2846
9/22/2011,365,2449,2814
9/23/2011,314,2073,2387
9/24/2011,141,806,947
9/25/2011,276,783,1059
9/26/2011,619,4920,5539
9/27/2011,617,4554,5171
9/28/2011,676,4823,5499
9/29/2011,549,4278,4827
9/30/2011,536,3409,3945
10/1/2011,243,1609,1852
10/2/2011,393,2755,3148
10/3/2011,702,5288,5990
10/4/2011,616,5017,5633
10/5/2011,649,5118,5767
10/6/2011,596,4419,5015
10/7/2011,492,3251,3743
10/8/2011,257,1786,2043
10/9/2011,414,2974,3388
10/10/2011,759,5638,6397
10/11/2011,650,5766,6416
10/12/2011,650,5685,6335
10/13/2011,639,4706,5345
10/14/2011,515,3793,4308
10/15/2011,278,2000,2278
10/16/2011,364,3475,3839
10/17/2011,726,5945,6671
10/18/2011,567,5624,6191
10/19/2011,627,4884,5511
10/20/2011,574,4871,5445
10/21/2011,428,3625,4053
10/22/2011,205,1992,2197
10/23/2011,347,3480,3827
10/24/2011,723,5814,6537
10/25/2011,702,5635,6337
10/26/2011,705,5646,6351
10/27/2011,583,4962,5545
10/28/2011,420,3370,3790
10/29/2011,220,2001,2221
10/30/2011,324,3510,3834
10/31/2011,711,5473,6184
11/1/2011,626,5496,6122
11/2/2011,659,5291,5950
11/3/2011,484,4526,5010
11/4/2011,433,3574,4007
11/5/2011,217,1959,2176
11/6/2011,318,3250,3568
11/7/2011,685,5894,6579
11/8/2011,514,5335,5849
11/9/2011,597,5502,6099
11/10/2011,580,4958,5538
11/11/2011,476,3483,3959
11/12/2011,246,2034,2280
11/13/2011,366,3392,3758
11/14/2011,667,5734,6401
11/15/2011,610,5420,6030
11/16/2011,618,5212,5830
11/17/2011,514,4465,4979
11/18/2011,429,3514,3943
11/19/2011,187,1799,1986
11/20/2011,304,3068,3372
11/21/2011,599,5619,6218
11/22/2011,450,4142,4592
11/23/2011,370,2638,3008
11/24/2011,,5,5
11/25/2011,175,1003,1178
11/26/2011,175,1156,1331
11/27/2011,305,2387,2692
11/28/2011,712,6119,6831
11/29/2011,611,6590,7201
11/30/2011,627,6013,6640
12/1/2011,603,5253,5856
12/2/2011,674,4868,5542
12/3/2011,517,3835,4352
12/4/2011,657,5049,5706
12/5/2011,795,6430,7225
12/6/2011,798,6424,7222
12/7/2011,716,6164,6880
12/8/2011,547,4433,4980
12/9/2011,286,2667,2953
12/10/2011,160,759,919
12/11/2011,152,527,679
12/12/2011,272,1761,2033
12/13/2011,279,1596,1875
12/14/2011,190,1400,1590
12/15/2011,221,1444,1665
12/16/2011,170,1093,1263
12/17/2011,75,336,411
12/18/2011,64,219,283
12/19/2011,191,1164,1355
12/20/2011,157,1066,1223
12/21/2011,173,935,1108
12/22/2011,118,814,932
12/23/2011,108,637,745
12/24/2011,,6,6
12/25/2011,,2,2
12/26/2011,,4,4
12/27/2011,149,661,810
12/28/2011,161,741,902
12/29/2011,144,852,996
12/30/2011,146,795,941
12/31/2011,,8,8
1/1/2012,,9,9
1/2/2012,163,1111,1274
1/3/2012,470,3988,4458
1/4/2012,548,4599,5147
1/5/2012,526,4209,4735
1/6/2012,432,3398,3830
1/7/2012,191,1583,1774
1/8/2012,259,2919,3178
1/9/2012,668,5583,6251
1/10/2012,579,5373,5952
1/11/2012,565,5347,5912
1/12/2012,499,4471,4970
1/13/2012,346,3313,3659
1/14/2012,168,1668,1836
1/15/2012,208,2341,2549
1/16/2012,447,4019,4466
1/17/2012,521,5459,5980
1/18/2012,540,5787,6327
1/19/2012,498,4731,5229
1/20/2012,324,3247,3571
1/21/2012,187,2048,2235
1/22/2012,298,3492,3790
1/23/2012,614,5706,6320
1/24/2012,542,5846,6388
1/25/2012,622,5987,6609
1/26/2012,479,5350,5829
1/27/2012,361,3914,4275
1/28/2012,218,2161,2379
1/29/2012,327,3677,4004
1/30/2012,617,6049,6666
1/31/2012,618,5929,6547
2/1/2012,609,6042,6651
2/2/2012,501,5074,5575
2/3/2012,379,3816,4195
2/4/2012,275,2410,2685
2/5/2012,271,3524,3795
2/6/2012,589,6374,6963
2/7/2012,542,5931,6473
2/8/2012,612,5914,6526
2/9/2012,483,4746,5229
2/10/2012,290,2789,3079
2/11/2012,141,2006,2147
2/12/2012,281,3521,3802
2/13/2012,610,5931,6541
2/14/2012,565,5483,6048
2/15/2012,450,5820,6270
2/16/2012,514,5164,5678
2/17/2012,453,3786,4239
2/18/2012,194,2161,2355
2/19/2012,364,3804,4168
2/20/2012,636,6157,6793
2/21/2012,516,5953,6469
2/22/2012,520,6018,6538
2/23/2012,469,5090,5559
2/24/2012,377,3515,3892
2/25/2012,187,2202,2389
2/26/2012,326,3643,3969
2/27/2012,604,6072,6676
2/28/2012,545,5835,6380
2/29/2012,553,5935,6488
3/1/2012,506,5339,5845
3/2/2012,385,3909,4294
3/3/2012,225,2549,2774
3/4/2012,319,4198,4517
3/5/2012,680,6644,7324
3/6/2012,584,6605,7189
3/7/2012,615,6149,6764
3/8/2012,588,5962,6550
3/9/2012,651,5393,6044
3/10/2012,570,4640,5210
3/11/2012,670,5816,6486
3/12/2012,840,7423,8263
3/13/2012,758,6780,7538
3/14/2012,664,6135,6799
3/15/2012,496,4931,5427
3/16/2012,287,2827,3114
3/17/2012,116,665,781
3/18/2012,175,543,718
3/19/2012,246,1712,1958
3/20/2012,235,1638,1873
3/21/2012,237,1765,2002
3/22/2012,247,1727,1974
3/23/2012,199,1256,1455
3/24/2012,118,605,723
3/25/2012,145,669,814
3/26/2012,444,4764,5208
3/27/2012,483,5244,5727
3/28/2012,525,5432,5957
3/29/2012,408,4425,4833
3/30/2012,382,3577,3959
3/31/2012,177,2036,2213
4/1/2012,286,3382,3668
4/2/2012,571,5854,6425
4/3/2012,604,5648,6252
4/4/2012,628,5735,6363
4/5/2012,536,4987,5523
4/6/2012,396,3662,4058
4/7/2012,262,2085,2347
4/8/2012,346,3229,3575
4/9/2012,680,6110,6790
4/10/2012,667,6001,6668
4/11/2012,603,5703,6306
4/12/2012,613,5585,6198
4/13/2012,470,3996,4466
4/14/2012,319,2350,2669
4/15/2012,346,3918,4264
4/16/2012,745,6348,7093
4/17/2012,651,6301,6952
4/18/2012,606,6065,6671
4/19/2012,601,5641,6242
4/20/2012,411,3745,4156
4/21/2012,255,2303,2558
4/22/2012,338,3896,4234
4/23/2012,651,6380,7031
4/24/2012,606,6384,6990
4/25/2012,582,6122,6704
4/26/2012,566,5701,6267
4/27/2012,413,3904,4317
4/28/2012,240,2445,2685
4/29/2012,364,3952,4316
4/30/2012,590,6142,6732
5/1/2012,562,5958,6520
5/2/2012,622,6204,6826
5/3/2012,626,5757,6383
5/4/2012,372,3799,4171
5/5/2012,206,2128,2334
5/6/2012,311,3584,3895
5/7/2012,605,6289,6894
5/8/2012,622,6263,6885
5/9/2012,588,6059,6647
5/10/2012,565,5645,6210
5/11/2012,430,3880,4310
5/12/2012,193,2025,2218
5/13/2012,281,3610,3891
5/14/2012,648,5995,6643
5/15/2012,525,5864,6389
5/16/2012,624,5818,6442
5/17/2012,568,5514,6082
5/18/2012,408,3967,4375
5/19/2012,239,2089,2328
5/20/2012,341,4249,4590
5/21/2012,563,6303,6866
5/22/2012,578,6247,6825
5/23/2012,645,6230,6875
5/24/2012,617,5678,6295
5/25/2012,432,4141,4573
5/26/2012,266,2073,2339
5/27/2012,550,3621,4171
5/28/2012,841,6061,6902
5/29/2012,931,7942,8873
5/30/2012,771,6486,7257
5/31/2012,578,5499,6077
6/1/2012,501,239,740
6/2/2012,429,,429
6/3/2012,574,,574
6/4/2012,736,5901,6637
6/5/2012,607,6006,6613
6/6/2012,560,5330,5890
6/7/2012,436,4196,4632
6/8/2012,239,2860,3099
6/9/2012,128,771,899
6/10/2012,169,669,838
6/11/2012,361,1932,2293
6/12/2012,332,1919,2251
6/13/2012,317,1854,2171
6/14/2012,353,1740,2093
6/15/2012,311,1518,1829
6/16/2012,161,712,873
6/17/2012,169,547,716
6/18/2012,408,2494,2902
6/19/2012,385,2373,2758
6/20/2012,430,2502,2932
6/21/2012,408,2215,2623
6/22/2012,352,1846,2198
6/23/2012,154,670,824
6/24/2012,232,733,965
6/25/2012,380,2395,2775
6/26/2012,354,2304,2658
6/27/2012,401,2378,2779
6/28/2012,382,2367,2749
6/29/2012,340,1639,1979
6/30/2012,156,600,756
7/1/2012,219,616,835
7/2/2012,414,2409,2823
7/3/2012,350,2419,2769
7/4/2012,2,9,11
7/5/2012,364,2510,2874
7/6/2012,327,1914,2241
7/7/2012,187,775,962
7/8/2012,178,662,840
7/9/2012,419,2228,2647
7/10/2012,390,2358,2748
7/11/2012,425,2274,2699
7/12/2012,384,2186,2570
7/13/2012,302,1684,1986
7/14/2012,179,614,793
7/15/2012,234,715,949
7/16/2012,437,2413,2850
7/17/2012,372,2418,2790
7/18/2012,399,2304,2703
7/19/2012,301,2134,2435
7/20/2012,300,1687,1987
7/21/2012,161,633,794
7/22/2012,188,681,869
7/23/2012,336,2302,2638
7/24/2012,335,2131,2466
7/25/2012,367,2314,2681
7/26/2012,337,2202,2539
7/27/2012,256,1585,1841
7/28/2012,115,511,626
7/29/2012,155,550,705
7/30/2012,261,2086,2347
7/31/2012,294,1986,2280
8/1/2012,266,1882,2148
8/2/2012,325,1791,2116
8/3/2012,296,1447,1743
8/4/2012,140,608,748
8/5/2012,148,620,768
8/6/2012,281,1805,2086
8/7/2012,281,1800,2081
8/8/2012,254,1865,2119
8/9/2012,275,1583,1858
8/10/2012,239,1312,1551
8/11/2012,97,478,575
8/12/2012,151,529,680
8/13/2012,265,1595,1860
8/14/2012,234,1623,1857
8/15/2012,284,1694,1978
8/16/2012,206,1480,1686
8/17/2012,229,1283,1512
8/18/2012,116,500,616
8/19/2012,137,517,654
8/20/2012,234,1548,1782
8/21/2012,249,1722,1971
8/22/2012,207,1758,1965
8/23/2012,217,1602,1819
8/24/2012,204,1372,1576
8/25/2012,83,528,611
8/26/2012,189,10,199
8/27/2012,232,1666,1898
8/28/2012,238,1634,1872
8/29/2012,189,1505,1694
8/30/2012,210,1483,1693
8/31/2012,190,1209,1399
9/1/2012,71,442,513
9/2/2012,171,6,177
9/3/2012,232,11,243
9/4/2012,241,1644,1885
9/5/2012,230,1550,1780
9/6/2012,195,1611,1806
9/7/2012,193,1292,1485
9/8/2012,105,548,653
9/9/2012,228,25,253
9/10/2012,258,1823,2081
9/11/2012,214,1829,2043
9/12/2012,245,1885,2130
9/13/2012,226,1723,1949
9/14/2012,210,1403,1613
9/15/2012,102,486,588
9/16/2012,242,13,255
9/17/2012,255,1734,1989
9/18/2012,259,1803,2062
9/19/2012,279,1795,2074
9/20/2012,230,1851,2081
9/21/2012,208,1404,1612
9/22/2012,107,660,767
9/23/2012,188,258,446
9/24/2012,280,2220,2500
9/25/2012,297,2225,2522
9/26/2012,368,2625,2993
9/27/2012,435,2808,3243
9/28/2012,292,2135,2427
9/29/2012,154,977,1131
9/30/2012,144,1380,1524
10/1/2012,518,5320,5838
10/2/2012,538,5786,6324
10/3/2012,541,5479,6020
10/4/2012,429,5381,5810
10/5/2012,405,3778,4183
10/6/2012,175,1934,2109
10/7/2012,239,3381,3620
10/8/2012,520,6302,6822
10/9/2012,474,5939,6413
10/10/2012,522,6428,6950
10/11/2012,514,5151,5665
10/12/2012,386,3882,4268
10/13/2012,115,1951,2066
10/14/2012,245,3695,3940
10/15/2012,571,6675,7246
10/16/2012,451,6298,6749
10/17/2012,537,6483,7020
10/18/2012,454,5704,6158
10/19/2012,394,4194,4588
10/20/2012,153,2586,2739
10/21/2012,337,4217,4554
10/22/2012,561,6497,7058
10/23/2012,458,6683,7141
10/24/2012,569,6888,7457
10/25/2012,448,5979,6427
10/26/2012,407,4127,4534
10/27/2012,148,2389,2537
10/28/2012,255,4335,4590
10/29/2012,493,7141,7634
10/30/2012,450,6561,7011
10/31/2012,572,6456,7028
11/1/2012,468,5766,6234
11/2/2012,340,4034,4374
11/3/2012,176,2518,2694
11/4/2012,263,4587,4850
11/5/2012,495,6958,7453
11/6/2012,395,5835,6230
11/7/2012,503,6622,7125
11/8/2012,446,5643,6089
11/9/2012,363,4010,4373
11/10/2012,118,2151,2269
11/11/2012,242,4016,4258
11/12/2012,441,6577,7018
11/13/2012,420,6455,6875
11/14/2012,488,6435,6923
11/15/2012,506,5467,5973
11/16/2012,311,3942,4253
11/17/2012,134,2307,2441
11/18/2012,265,4053,4318
11/19/2012,544,6048,6592
11/20/2012,414,4922,5336
11/21/2012,264,2928,3192
11/22/2012,,4,4
11/23/2012,51,930,981
11/24/2012,61,1320,1381
11/25/2012,158,2761,2919
11/26/2012,409,6142,6551
11/27/2012,510,6344,6854
11/28/2012,459,6286,6745
11/29/2012,452,5500,5952
11/30/2012,360,4563,4923
12/1/2012,178,3167,3345
12/2/2012,308,5181,5489
12/3/2012,560,7320,7880
12/4/2012,567,7067,7634
12/5/2012,558,6608,7166
12/6/2012,545,6301,6846
12/7/2012,543,5929,6472
12/8/2012,538,5147,5685
12/9/2012,675,5908,6583
12/10/2012,738,7798,8536
12/11/2012,644,6698,7342
12/12/2012,555,5860,6415
12/13/2012,458,4812,5270
12/14/2012,248,2754,3002
12/15/2012,69,645,714
12/16/2012,103,463,566
12/17/2012,161,1467,1628
12/18/2012,141,1218,1359
12/19/2012,108,1180,1288
12/20/2012,118,854,972
12/21/2012,115,765,880
12/22/2012,42,251,293
12/23/2012,35,192,227
12/24/2012,40,313,353
12/25/2012,,1,1
12/26/2012,57,548,605
12/27/2012,81,630,711
12/28/2012,102,639,741
12/29/2012,54,271,325
12/30/2012,67,237,304
12/31/2012,66,619,685
1/1/2013,,5,5
1/2/2013,144,1030,1174
1/3/2013,157,1139,1296
1/4/2013,178,1116,1294
1/5/2013,89,559,648
1/6/2013,98,1051,1149
1/7/2013,446,4697,5143
1/8/2013,387,5291,5678
1/9/2013,412,5659,6071
1/10/2013,403,4948,5351
1/11/2013,369,3720,4089
1/12/2013,132,1814,1946
1/13/2013,190,3593,3783
1/14/2013,462,6032,6494
1/15/2013,477,5871,6348
1/16/2013,481,6159,6640
1/17/2013,469,5402,5871
1/18/2013,334,3572,3906
1/19/2013,125,1833,1958
1/20/2013,164,2688,2852
1/21/2013,239,4341,4580
1/22/2013,424,6001,6425
1/23/2013,411,5889,6300
1/24/2013,439,5262,5701
1/25/2013,349,3900,4249
1/26/2013,144,2501,2645
1/27/2013,208,4180,4388
1/28/2013,444,5692,6136
1/29/2013,419,6354,6773
1/30/2013,446,6274,6720
1/31/2013,437,5358,5795
2/1/2013,279,3883,4162
2/2/2013,147,2537,2684
2/3/2013,197,3671,3868
2/4/2013,466,6513,6979
2/5/2013,411,6597,7008
2/6/2013,481,6608,7089
2/7/2013,361,5681,6042
2/8/2013,344,4045,4389
2/9/2013,153,2704,2857
2/10/2013,329,4495,4824
2/11/2013,479,6646,7125
2/12/2013,419,6497,6916
2/13/2013,415,6106,6521
2/14/2013,333,4517,4850
2/15/2013,271,3277,3548
2/16/2013,143,2302,2445
2/17/2013,231,4039,4270
2/18/2013,443,6396,6839
2/19/2013,411,5973,6384
2/20/2013,470,6261,6731
2/21/2013,420,5405,5825
2/22/2013,274,3760,4034
2/23/2013,147,2420,2567
2/24/2013,211,4061,4272
2/25/2013,497,6404,6901
2/26/2013,325,5957,6282
2/27/2013,383,6221,6604
2/28/2013,414,5523,5937
3/1/2013,294,3877,4171
3/2/2013,129,2543,2672
3/3/2013,277,4367,4644
3/4/2013,460,6396,6856
3/5/2013,390,5639,6029
3/6/2013,400,6195,6595
3/7/2013,386,5519,5905
3/8/2013,316,4202,4518
3/9/2013,162,3068,3230
3/10/2013,229,4637,4866
3/11/2013,471,6955,7426
3/12/2013,514,7201,7715
3/13/2013,535,6393,6928
3/14/2013,572,6578,7150
3/15/2013,499,5738,6237
3/16/2013,482,4936,5418
3/17/2013,724,6292,7016
3/18/2013,645,7248,7893
3/19/2013,651,6418,7069
3/20/2013,570,5469,6039
3/21/2013,405,4168,4573
3/22/2013,223,2475,2698
3/23/2013,108,703,811
3/24/2013,117,536,653
3/25/2013,168,1494,1662
3/26/2013,180,1395,1575
3/27/2013,176,1477,1653
3/28/2013,173,1539,1712
3/29/2013,203,1267,1470
3/30/2013,146,601,747
3/31/2013,82,1030,1112
4/1/2013,381,4768,5149
4/2/2013,354,5645,5999
4/3/2013,398,5792,6190
4/4/2013,364,5276,5640
4/5/2013,377,4166,4543
4/6/2013,125,2284,2409
4/7/2013,241,3908,4149
4/8/2013,483,6341,6824
4/9/2013,432,6402,6834
4/10/2013,419,5845,6264
4/11/2013,355,5668,6023
4/12/2013,301,4020,4321
4/13/2013,171,2415,2586
4/14/2013,240,4189,4429
4/15/2013,470,6286,6756
4/16/2013,456,6472,6928
4/17/2013,458,6067,6525
4/18/2013,356,5733,6089
4/19/2013,296,4208,4504
4/20/2013,164,2504,2668
4/21/2013,263,4614,4877
4/22/2013,537,6891,7428
4/23/2013,494,6622,7116
4/24/2013,479,6620,7099
4/25/2013,384,6022,6406
4/26/2013,319,4295,4614
4/27/2013,127,2664,2791
4/28/2013,326,4664,4990
4/29/2013,539,7051,7590
4/30/2013,451,7033,7484
5/1/2013,500,7050,7550
5/2/2013,426,6417,6843
5/3/2013,301,4205,4506
5/4/2013,213,2711,2924
5/5/2013,307,4514,4821
5/6/2013,501,6793,7294
5/7/2013,502,6524,7026
5/8/2013,498,6539,7037
5/9/2013,394,5639,6033
5/10/2013,329,3954,4283
5/11/2013,124,2238,2362
5/12/2013,199,3714,3913
5/13/2013,431,6380,6811
5/14/2013,456,6481,6937
5/15/2013,472,6427,6899
5/16/2013,428,5714,6142
5/17/2013,274,4091,4365
5/18/2013,125,2362,2487
5/19/2013,257,4534,4791
5/20/2013,529,6877,7406
5/21/2013,528,6732,7260
5/22/2013,443,6308,6751
5/23/2013,408,5645,6053
5/24/2013,336,4083,4419
5/25/2013,85,2106,2191
5/26/2013,163,2903,3066
5/27/2013,233,4555,4788
5/28/2013,443,6589,7032
5/29/2013,453,6895,7348
5/30/2013,479,6142,6621
5/31/2013,415,4648,5063
6/1/2013,211,3146,3357
6/2/2013,301,4854,5155
6/3/2013,617,7678,8295
6/4/2013,581,7479,8060
6/5/2013,497,7194,7691
6/6/2013,460,6400,6860
6/7/2013,398,5310,5708
6/8/2013,263,3933,4196
6/9/2013,464,5258,5722
6/10/2013,494,6886,7380
6/11/2013,500,6050,6550
6/12/2013,411,5428,5839
6/13/2013,281,4708,4989
6/14/2013,183,2835,3018
6/15/2013,81,798,879
6/16/2013,126,387,513
6/17/2013,197,1957,2154
6/18/2013,273,1809,2082
6/19/2013,244,1773,2017
6/20/2013,231,1704,1935
6/21/2013,198,1445,1643
6/22/2013,134,645,779
6/23/2013,153,484,637
6/24/2013,267,2268,2535
6/25/2013,263,2249,2512
6/26/2013,252,2045,2297
6/27/2013,278,2107,2385
6/28/2013,253,1738,1991
6/29/2013,163,617,780
6/30/2013,194,619,813
7/1/2013,268,2224,2492
7/2/2013,266,2124,2390
7/3/2013,253,2105,2358
7/4/2013,,9,9
7/5/2013,250,1386,1636
7/6/2013,176,642,818
7/7/2013,192,802,994
7/8/2013,266,2156,2422
7/9/2013,346,2373,2719
7/10/2013,290,2212,2502
7/11/2013,304,2164,2468
7/12/2013,224,1697,1921
7/13/2013,130,521,651
7/14/2013,213,664,877
7/15/2013,349,2208,2557
7/16/2013,353,2356,2709
7/17/2013,282,2322,2604
7/18/2013,305,2277,2582
7/19/2013,237,1700,1937
7/20/2013,150,612,762
7/21/2013,182,777,959
7/22/2013,313,2347,2660
7/23/2013,283,2233,2516
7/24/2013,286,2205,2491
7/25/2013,285,2039,2324
7/26/2013,186,1509,1695
7/27/2013,110,495,605
7/28/2013,121,625,746
7/29/2013,284,2074,2358
7/30/2013,265,2072,2337
7/31/2013,226,2001,2227
8/1/2013,261,2085,2346
8/2/2013,178,1495,1673
8/3/2013,84,599,683
8/4/2013,135,649,784
8/5/2013,197,2089,2286
8/6/2013,209,1975,2184
8/7/2013,226,1956,2182
8/8/2013,200,1937,2137
8/9/2013,182,1483,1665
8/10/2013,81,460,541
8/11/2013,134,530,664
8/12/2013,210,1941,2151
8/13/2013,273,1912,2185
8/14/2013,219,1887,2106
8/15/2013,200,1806,2006
8/16/2013,159,969,1128
8/17/2013,103,503,606
8/18/2013,150,554,704
8/19/2013,196,1763,1959
8/20/2013,220,1752,1972
8/21/2013,187,1798,1985
8/22/2013,198,1502,1700
8/23/2013,197,1579,1776
8/24/2013,101,505,606
8/25/2013,147,508,655
8/26/2013,251,1920,2171
8/27/2013,261,1939,2200
8/28/2013,255,1792,2047
8/29/2013,255,1813,2068
8/30/2013,232,1301,1533
8/31/2013,71,413,484
9/1/2013,202,12,214
9/2/2013,246,4,250
9/3/2013,263,1642,1905
9/4/2013,233,1766,1999
9/5/2013,254,1670,1924
9/6/2013,221,1452,1673
9/7/2013,124,470,594
9/8/2013,288,10,298
9/9/2013,275,1902,2177
9/10/2013,273,1903,2176
9/11/2013,274,1952,2226
9/12/2013,254,1898,2152
9/13/2013,245,1411,1656
9/14/2013,91,504,595
9/15/2013,209,11,220
9/16/2013,274,1951,2225
9/17/2013,241,1913,2154
9/18/2013,223,1888,2111
9/19/2013,247,1878,2125
9/20/2013,232,1669,1901
9/21/2013,105,600,705
9/22/2013,179,692,871
9/23/2013,276,2511,2787
9/24/2013,319,2454,2773
9/25/2013,314,2781,3095
9/26/2013,318,2790,3108
9/27/2013,251,2221,2472
9/28/2013,104,993,1097
9/29/2013,142,1504,1646
9/30/2013,578,5928,6506
10/1/2013,757,5922,6679
10/2/2013,795,6313,7108
10/3/2013,559,5492,6051
10/4/2013,498,4296,4794
10/5/2013,248,2349,2597
10/6/2013,388,3875,4263
10/7/2013,764,6755,7519
10/8/2013,932,6642,7574
10/9/2013,923,6778,7701
10/10/2013,690,5741,6431
10/11/2013,466,4279,4745
10/12/2013,196,2267,2463
10/13/2013,376,4089,4465
10/14/2013,768,7674,8442
10/15/2013,797,6624,7421
10/16/2013,918,7165,8083
10/17/2013,691,6001,6692
10/18/2013,472,4260,4732
10/19/2013,207,2519,2726
10/20/2013,424,4603,5027
10/21/2013,801,7233,8034
10/22/2013,836,6492,7328
10/23/2013,915,6950,7865
10/24/2013,654,6456,7110
10/25/2013,459,4399,4858
10/26/2013,255,2627,2882
10/27/2013,457,4597,5054
10/28/2013,753,7170,7923
10/29/2013,754,6893,7647
10/30/2013,666,6991,7657
10/31/2013,575,5443,6018
11/1/2013,439,4099,4538
11/2/2013,241,2738,2979
11/3/2013,428,4552,4980
11/4/2013,762,7082,7844
11/5/2013,788,6717,7505
11/6/2013,864,6578,7442
11/7/2013,606,5731,6337
11/8/2013,447,4034,4481
11/9/2013,188,2277,2465
11/10/2013,415,4112,4527
11/11/2013,621,6302,6923
11/12/2013,753,6496,7249
11/13/2013,821,6350,7171
11/14/2013,573,5568,6141
11/15/2013,426,4141,4567
11/16/2013,222,2525,2747
11/17/2013,297,3735,4032
11/18/2013,716,6816,7532
11/19/2013,714,6440,7154
11/20/2013,793,6152,6945
11/21/2013,669,5346,6015
11/22/2013,429,3897,4326
11/23/2013,217,2205,2422
11/24/2013,357,3882,4239
11/25/2013,715,6137,6852
11/26/2013,602,5126,5728
11/27/2013,306,2823,3129
11/29/2013,78,938,1016
11/30/2013,165,1504,1669
12/1/2013,280,3015,3295
12/2/2013,737,6963,7700
12/3/2013,738,7037,7775
12/4/2013,636,6476,7112
12/5/2013,638,6325,6963
12/6/2013,585,5927,6512
12/7/2013,460,4791,5251
12/8/2013,547,5543,6090
12/9/2013,768,7607,8375
12/10/2013,562,6359,6921
12/11/2013,581,5495,6076
12/12/2013,504,4191,4695
12/13/2013,215,2486,2701
12/14/2013,99,684,783
12/15/2013,125,462,587
12/16/2013,202,1514,1716
12/17/2013,148,1247,1395
12/18/2013,150,1177,1327
12/19/2013,121,1112,1233
12/20/2013,121,802,923
12/21/2013,51,283,334
12/22/2013,37,192,229
12/23/2013,70,657,727
12/24/2013,28,282,310
12/25/2013,,2,2
12/26/2013,50,445,495
12/27/2013,62,550,612
12/28/2013,32,290,322
12/29/2013,46,198,244
12/30/2013,104,782,886
12/31/2013,79,603,682
1/1/2014,,5,5
1/2/2014,118,765,883
1/3/2014,107,820,927
1/4/2014,75,491,566
1/5/2014,58,233,291
1/6/2014,42,439,481
1/7/2014,326,4265,4591
1/8/2014,440,5214,5654
1/9/2014,433,4832,5265
1/10/2014,368,3706,4074
1/11/2014,151,1719,1870
1/12/2014,297,3634,3931
1/13/2014,595,6278,6873
1/14/2014,611,5998,6609
1/15/2014,661,6237,6898
1/16/2014,527,5481,6008
1/17/2014,385,3702,4087
1/18/2014,150,1781,1931
1/19/2014,215,2685,2900
1/20/2014,380,4852,5232
1/21/2014,569,6309,6878
1/22/2014,676,6255,6931
1/23/2014,540,5565,6105
1/24/2014,433,3857,4290
1/25/2014,233,2258,2491
1/26/2014,342,4105,4447
1/27/2014,576,5458,6034
1/28/2014,487,5954,6441
1/29/2014,672,6285,6957
1/30/2014,477,5599,6076
1/31/2014,443,4126,4569
2/1/2014,186,2271,2457
2/2/2014,339,3444,3783
2/3/2014,678,6727,7405
2/4/2014,563,6863,7426
2/5/2014,615,6383,6998
2/6/2014,454,5432,5886
2/7/2014,414,3958,4372
2/8/2014,188,2297,2485
2/9/2014,352,4246,4598
2/10/2014,636,6765,7401
2/11/2014,681,6691,7372
2/12/2014,701,6368,7069
2/13/2014,503,4812,5315
2/14/2014,276,2963,3239
2/15/2014,220,2384,2604
2/16/2014,338,3760,4098
2/17/2014,628,6098,6726
2/18/2014,663,6503,7166
2/19/2014,740,6748,7488
2/20/2014,537,5719,6256
2/21/2014,398,4034,4432
2/22/2014,213,2292,2505
2/23/2014,452,4356,4808
2/24/2014,651,6622,7273
2/25/2014,648,6310,6958
2/26/2014,681,6003,6684
2/27/2014,536,5577,6113
2/28/2014,451,4083,4534
3/1/2014,186,2295,2481
3/2/2014,304,3851,4155
3/3/2014,616,6459,7075
3/4/2014,587,6348,6935
3/5/2014,676,6369,7045
3/6/2014,579,5524,6103
3/7/2014,472,4392,4864
3/8/2014,321,2917,3238
3/9/2014,544,4750,5294
3/10/2014,892,7553,8445
3/11/2014,834,7207,8041
3/12/2014,827,6453,7280
3/13/2014,743,6210,6953
3/14/2014,700,5980,6680
3/15/2014,615,4751,5366
3/16/2014,870,5938,6808
3/17/2014,924,7292,8216
3/18/2014,800,6566,7366
3/19/2014,619,5384,6003
3/20/2014,437,4561,4998
3/21/2014,210,2620,2830
3/22/2014,96,613,709
3/23/2014,111,378,489
3/24/2014,172,1371,1543
3/25/2014,151,1370,1521
3/26/2014,183,1405,1588
3/27/2014,174,1356,1530
3/28/2014,182,1135,1317
3/29/2014,106,570,676
3/30/2014,92,1127,1219
3/31/2014,470,4962,5432
4/1/2014,605,5431,6036
4/2/2014,539,5438,5977
4/3/2014,473,4736,5209
4/4/2014,400,3852,4252
4/5/2014,216,2167,2383
4/6/2014,355,3814,4169
4/7/2014,660,6171,6831
4/8/2014,648,6005,6653
4/9/2014,665,6022,6687
4/10/2014,655,5319,5974
4/11/2014,337,3733,4070
4/12/2014,178,2151,2329
4/13/2014,282,3781,4063
4/14/2014,556,5951,6507
4/15/2014,777,6052,6829
4/16/2014,712,6116,6828
4/17/2014,613,5518,6131
4/18/2014,395,3901,4296
4/19/2014,231,2227,2458
4/20/2014,326,3327,3653
4/21/2014,681,6374,7055
4/22/2014,747,6408,7155
4/23/2014,662,6432,7094
4/24/2014,584,5625,6209
4/25/2014,379,4055,4434
4/26/2014,207,2338,2545
4/27/2014,453,4102,4555
4/28/2014,637,6625,7262
4/29/2014,615,6616,7231
4/30/2014,699,6534,7233
5/1/2014,544,5932,6476
5/2/2014,326,4310,4636
5/3/2014,225,2643,2868
5/4/2014,383,4421,4804
5/5/2014,690,6603,7293
5/6/2014,653,6006,6659
5/7/2014,581,6132,6713
5/8/2014,538,5391,5929
5/9/2014,338,3930,4268
5/10/2014,270,2168,2438
5/11/2014,321,3728,4049
5/12/2014,730,6998,7728
5/13/2014,793,6558,7351
5/14/2014,676,6120,6796
5/15/2014,603,5438,6041
5/16/2014,359,3870,4229
5/17/2014,205,2212,2417
5/18/2014,383,4076,4459
5/19/2014,617,6516,7133
5/20/2014,654,6079,6733
5/21/2014,604,6140,6744
5/22/2014,566,5633,6199
5/23/2014,376,4081,4457
5/24/2014,214,1771,1985
5/25/2014,336,2401,2737
5/26/2014,366,4028,4394
5/27/2014,743,6721,7464
5/28/2014,677,6554,7231
5/29/2014,715,6159,6874
5/30/2014,405,4246,4651
5/31/2014,306,2977,3283
6/1/2014,450,4946,5396
6/2/2014,892,7268,8160
6/3/2014,756,7371,8127
6/4/2014,718,6554,7272
6/5/2014,806,6194,7000
6/6/2014,585,5122,5707
6/7/2014,396,3662,4058
6/8/2014,523,4751,5274
6/9/2014,621,6132,6753
6/10/2014,515,5508,6023
6/11/2014,597,4917,5514
6/12/2014,438,3898,4336
6/13/2014,179,2526,2705
6/14/2014,87,618,705
6/15/2014,92,338,430
6/16/2014,174,1665,1839
6/17/2014,182,1662,1844
6/18/2014,158,1564,1722
6/19/2014,166,1592,1758
6/20/2014,130,1455,1585
6/21/2014,70,512,582
6/22/2014,120,358,478
6/23/2014,256,1924,2180
6/24/2014,278,2031,2309
6/25/2014,273,1903,2176
6/26/2014,282,1759,2041
6/27/2014,215,1505,1720
6/28/2014,146,474,620
6/29/2014,223,603,826
6/30/2014,299,1857,2156
7/1/2014,246,1874,2120
7/2/2014,266,1829,2095
7/3/2014,194,1725,1919
7/4/2014,,3,3
7/5/2014,117,462,579
7/6/2014,165,603,768
7/7/2014,291,2011,2302
7/8/2014,238,2000,2238
7/9/2014,251,1912,2163
7/10/2014,246,1891,2137
7/11/2014,214,1503,1717
7/12/2014,100,418,518
7/13/2014,133,546,679
7/14/2014,264,1962,2226
7/15/2014,251,1996,2247
7/16/2014,293,2011,2304
7/17/2014,245,1965,2210
7/18/2014,187,1514,1701
7/19/2014,106,503,609
7/20/2014,166,523,689
7/21/2014,273,2011,2284
7/22/2014,268,2015,2283
7/23/2014,291,2068,2359
7/24/2014,255,1865,2120
7/25/2014,211,1437,1648
7/26/2014,143,431,574
7/27/2014,139,559,698
7/28/2014,295,1801,2096
7/29/2014,237,1879,2116
7/30/2014,266,1941,2207
7/31/2014,262,1796,2058
8/1/2014,230,1366,1596
8/2/2014,125,378,503
8/3/2014,133,409,542
8/4/2014,251,1732,1983
8/5/2014,230,1796,2026
8/6/2014,245,1640,1885
8/7/2014,195,1676,1871
8/8/2014,193,1217,1410
8/9/2014,137,428,565
8/10/2014,143,467,610
8/11/2014,259,1691,1950
8/12/2014,216,1648,1864
8/13/2014,213,1611,1824
8/14/2014,181,1560,1741
8/15/2014,146,1231,1377
8/16/2014,132,395,527
8/17/2014,117,449,566
8/18/2014,210,1612,1822
8/19/2014,195,1550,1745
8/20/2014,216,1634,1850
8/21/2014,186,1440,1626
8/22/2014,177,1265,1442
8/23/2014,103,428,531
8/24/2014,140,569,709
8/25/2014,164,1493,1657
8/26/2014,160,1676,1836
8/27/2014,193,1639,1832
8/28/2014,154,1521,1675
8/29/2014,140,1231,1371
8/30/2014,96,404,500
8/31/2014,177,11,188
9/1/2014,255,16,271
9/2/2014,166,1604,1770
9/3/2014,198,1561,1759
9/4/2014,151,1398,1549
9/5/2014,194,1456,1650
9/6/2014,100,422,522
9/7/2014,191,4,195
9/8/2014,162,1686,1848
9/9/2014,170,1727,1897
9/10/2014,185,1530,1715
9/11/2014,201,1574,1775
9/12/2014,177,1298,1475
9/13/2014,76,440,516
9/14/2014,189,9,198
9/15/2014,191,1639,1830
9/16/2014,184,1645,1829
9/17/2014,189,1750,1939
9/18/2014,171,1797,1968
9/19/2014,162,1517,1679
9/20/2014,86,488,574
9/21/2014,193,348,541
9/22/2014,266,2336,2602
9/23/2014,208,2123,2331
9/24/2014,263,2715,2978
9/25/2014,227,2567,2794
9/26/2014,211,2239,2450
9/27/2014,144,864,1008
9/28/2014,165,1423,1588
9/29/2014,513,5692,6205
9/30/2014,766,6211,6977
10/1/2014,592,6383,6975
10/2/2014,469,5606,6075
10/3/2014,341,4167,4508
10/4/2014,179,2014,2193
10/5/2014,320,4002,4322
10/6/2014,664,6873,7537
10/7/2014,895,6672,7567
10/8/2014,768,6558,7326
10/9/2014,591,5544,6135
10/10/2014,416,4030,4446
10/11/2014,207,2143,2350
10/12/2014,338,3716,4054
10/13/2014,733,7817,8550
10/14/2014,827,6621,7448
10/15/2014,749,6715,7464
10/16/2014,706,6147,6853
10/17/2014,437,4314,4751
10/18/2014,170,2398,2568
10/19/2014,414,4539,4953
10/20/2014,715,7030,7745
10/21/2014,834,6639,7473
10/22/2014,787,7273,8060
10/23/2014,617,6433,7050
10/24/2014,359,4346,4705
10/25/2014,245,2640,2885
10/26/2014,488,4857,5345
10/27/2014,819,7238,8057
10/28/2014,814,7103,7917
10/29/2014,727,7161,7888
10/30/2014,619,5944,6563
10/31/2014,397,3903,4300
11/1/2014,288,2544,2832
11/2/2014,521,4817,5338
11/3/2014,822,7167,7989
11/4/2014,836,6404,7240
11/5/2014,801,6478,7279
11/6/2014,589,5602,6191
11/7/2014,367,3856,4223
11/8/2014,195,2177,2372
11/9/2014,349,4013,4362
11/10/2014,618,6714,7332
11/11/2014,760,6105,6865
11/12/2014,698,6194,6892
11/13/2014,730,5668,6398
11/14/2014,449,3984,4433
11/15/2014,273,2383,2656
11/16/2014,412,3981,4393
11/17/2014,661,6159,6820
11/18/2014,682,5779,6461
11/19/2014,714,5928,6642
11/20/2014,570,5123,5693
11/21/2014,343,3801,4144
11/22/2014,171,1936,2107
11/23/2014,325,3538,3863
11/24/2014,542,5279,5821
11/25/2014,483,4784,5267
11/26/2014,265,2556,2821
11/27/2014,,1,1
11/28/2014,69,859,928
11/29/2014,151,1288,1439
11/30/2014,240,2840,3080
12/1/2014,654,6430,7084
12/2/2014,727,6673,7400
12/3/2014,610,6097,6707
12/4/2014,637,5921,6558
12/5/2014,616,5413,6029
12/6/2014,602,4723,5325
12/7/2014,753,5601,6354
12/8/2014,801,6806,7607
12/9/2014,861,6377,7238
12/10/2014,665,5828,6493
12/11/2014,483,4237,4720
12/12/2014,244,2349,2593
12/13/2014,107,590,697
12/14/2014,101,379,480
12/15/2014,160,1338,1498
12/16/2014,161,1142,1303
12/17/2014,164,1114,1278
12/18/2014,123,1090,1213
12/19/2014,119,861,980
12/20/2014,47,252,299
12/21/2014,63,180,243
12/22/2014,77,776,853
12/23/2014,94,643,737
12/24/2014,24,303,327
12/25/2014,,4,4
12/26/2014,52,335,387
12/27/2014,58,204,262
12/28/2014,63,158,221
12/29/2014,132,790,922
12/30/2014,103,749,852
12/31/2014,100,561,661
1/1/2015,,7,7
1/2/2015,129,779,908
1/3/2015,91,395,486
1/4/2015,75,716,791
1/5/2015,444,4316,4760
1/6/2015,338,4773,5111
1/7/2015,448,4674,5122
1/8/2015,397,4275,4672
1/9/2015,364,3332,3696
1/10/2015,160,1557,1717
1/11/2015,300,3273,3573
1/12/2015,705,5374,6079
1/13/2015,681,5541,6222
1/14/2015,738,5625,6363
1/15/2015,630,5115,5745
1/16/2015,429,3455,3884
1/17/2015,158,1747,1905
1/18/2015,275,2703,2978
1/19/2015,428,4822,5250
1/20/2015,744,6316,7060
1/21/2015,845,6357,7202
1/22/2015,629,5399,6028
1/23/2015,404,4025,4429
1/24/2015,229,2585,2814
1/25/2015,374,4126,4500
1/26/2015,680,6187,6867
1/27/2015,666,6177,6843
1/28/2015,806,6340,7146
1/29/2015,678,5610,6288
1/30/2015,465,3963,4428
1/31/2015,247,2301,2548
2/1/2015,202,2327,2529
2/2/2015,579,5641,6220
2/3/2015,552,5741,6293
2/4/2015,612,5835,6447
2/5/2015,592,5181,5773
2/6/2015,355,3762,4117
2/7/2015,200,2620,2820
2/8/2015,434,4285,4719
2/9/2015,602,6220,6822
2/10/2015,665,6118,6783
2/11/2015,645,5860,6505
2/12/2015,534,4647,5181
2/13/2015,263,2895,3158
2/14/2015,131,1645,1776
2/15/2015,268,3191,3459
2/16/2015,639,5852,6491
2/17/2015,663,5793,6456
2/18/2015,697,5494,6191
2/19/2015,560,5095,5655
2/20/2015,391,3554,3945
2/21/2015,242,2246,2488
2/22/2015,413,3753,4166
2/23/2015,712,5950,6662
2/24/2015,631,5779,6410
2/25/2015,659,5706,6365
2/26/2015,547,5206,5753
2/27/2015,423,3764,4187
2/28/2015,239,2167,2406
3/1/2015,359,3801,4160
3/2/2015,719,5979,6698
3/3/2015,651,5769,6420
3/4/2015,771,5860,6631
3/5/2015,643,5024,5667
3/6/2015,549,3834,4383
3/7/2015,332,2810,3142
3/8/2015,537,4274,4811
3/9/2015,780,6820,7600
3/10/2015,829,6599,7428
3/11/2015,807,5924,6731
3/12/2015,724,6050,6774
3/13/2015,687,5571,6258
3/14/2015,481,4518,4999
3/15/2015,750,5850,6600
3/16/2015,919,7372,8291
3/17/2015,815,6437,7252
3/18/2015,859,5652,6511
3/19/2015,472,4213,4685
3/20/2015,245,2258,2503
3/21/2015,133,620,753
3/22/2015,116,377,493
3/23/2015,125,1169,1294
3/24/2015,143,1356,1499
3/25/2015,201,1307,1508
3/26/2015,174,1334,1508
3/27/2015,141,1105,1246
3/28/2015,99,558,657
3/29/2015,93,1000,1093
3/30/2015,400,4703,5103
3/31/2015,619,5176,5795
4/1/2015,514,5269,5783
4/2/2015,437,4719,5156
4/3/2015,368,3534,3902
4/4/2015,189,2011,2200
4/5/2015,273,3462,3735
4/6/2015,599,5805,6404
4/7/2015,659,5684,6343
4/8/2015,613,5887,6500
4/9/2015,630,5312,5942
4/10/2015,409,3944,4353
4/11/2015,241,2063,2304
4/12/2015,425,3938,4363
4/13/2015,575,6330,6905
4/14/2015,669,5780,6449
4/15/2015,667,6219,6886
4/16/2015,643,5979,6622
4/17/2015,477,4075,4552
4/18/2015,282,2403,2685
4/19/2015,458,4258,4716
4/20/2015,644,6144,6788
4/21/2015,645,6227,6872
4/22/2015,700,6192,6892
4/23/2015,637,5764,6401
4/24/2015,378,3847,4225
4/25/2015,271,2375,2646
4/26/2015,489,4557,5046
4/27/2015,771,6763,7534
4/28/2015,645,6240,6885
4/29/2015,698,6579,7277
4/30/2015,610,5853,6463
5/1/2015,465,4116,4581
5/2/2015,320,2499,2819
5/3/2015,434,4415,4849
5/4/2015,652,6373,7025
5/5/2015,642,5983,6625
5/6/2015,616,6148,6764
5/7/2015,558,5488,6046
5/8/2015,366,4004,4370
5/9/2015,212,2115,2327
5/10/2015,333,3780,4113
5/11/2015,529,6096,6625
5/12/2015,685,6085,6770
5/13/2015,673,5856,6529
5/14/2015,685,5590,6275
5/15/2015,403,4197,4600
5/16/2015,230,2036,2266
5/17/2015,438,4216,4654
5/18/2015,632,6622,7254
5/19/2015,687,6160,6847
5/20/2015,635,5784,6419
5/21/2015,559,5346,5905
5/22/2015,420,3799,4219
5/23/2015,248,1913,2161
5/24/2015,301,2742,3043
5/25/2015,398,4242,4640
5/26/2015,743,6281,7024
5/27/2015,719,6155,6874
5/28/2015,667,5856,6523
5/29/2015,495,4414,4909
5/30/2015,228,2606,2834
5/31/2015,405,4498,4903
6/1/2015,688,7110,7798
6/2/2015,825,7144,7969
6/3/2015,693,6581,7274
6/4/2015,631,6070,6701
6/5/2015,550,4977,5527
6/6/2015,371,3279,3650
6/7/2015,510,4187,4697
6/8/2015,714,5951,6665
6/9/2015,659,5712,6371
6/10/2015,561,5228,5789
6/11/2015,526,4308,4834
6/12/2015,207,2657,2864
6/13/2015,81,723,804
6/14/2015,2,5,7
6/15/2015,181,1542,1723
6/16/2015,189,1704,1893
6/17/2015,177,1582,1759
6/18/2015,169,1592,1761
6/19/2015,190,1297,1487
6/20/2015,89,439,528
6/21/2015,139,420,559
6/22/2015,270,1981,2251
6/23/2015,249,1816,2065
6/24/2015,328,2088,2416
6/25/2015,156,1970,2126
6/26/2015,226,1475,1701
6/27/2015,114,494,608
6/28/2015,169,586,755
6/29/2015,283,2022,2305
6/30/2015,270,2066,2336
7/1/2015,346,1914,2260
7/2/2015,291,1823,2114
7/3/2015,3,8,11
7/4/2015,,5,5
7/5/2015,130,548,678
7/6/2015,283,2076,2359
7/7/2015,299,2014,2313
7/8/2015,313,1978,2291
7/9/2015,338,1949,2287
7/10/2015,256,1563,1819
7/11/2015,97,584,681
7/12/2015,163,722,885
7/13/2015,288,2160,2448
7/14/2015,263,2123,2386
7/15/2015,356,2072,2428
7/16/2015,324,2057,2381
7/17/2015,231,1769,2000
7/18/2015,116,506,622
7/19/2015,168,664,832
7/20/2015,324,2131,2455
7/21/2015,276,2093,2369
7/22/2015,338,1989,2327
7/23/2015,379,2061,2440
7/24/2015,231,1583,1814
7/25/2015,137,531,668
7/26/2015,154,646,800
7/27/2015,294,2158,2452
7/28/2015,297,2089,2386
7/29/2015,345,2064,2409
7/30/2015,308,2083,2391
7/31/2015,258,1539,1797
8/1/2015,121,398,519
8/2/2015,159,526,685
8/3/2015,241,1776,2017
8/4/2015,243,1776,2019
8/5/2015,282,1685,1967
8/6/2015,271,1622,1893
8/7/2015,238,1307,1545
8/8/2015,91,441,532
8/9/2015,119,434,553
8/10/2015,277,1654,1931
8/11/2015,274,1664,1938
8/12/2015,304,1692,1996
8/13/2015,259,1583,1842
8/14/2015,204,1443,1647
8/15/2015,94,470,564
8/16/2015,155,476,631
8/17/2015,238,1656,1894
8/18/2015,238,1539,1777
8/19/2015,262,1553,1815
8/20/2015,239,1542,1781
8/21/2015,199,1405,1604
8/22/2015,103,412,515
8/23/2015,109,487,596
8/24/2015,240,1573,1813
8/25/2015,238,1595,1833
8/26/2015,240,1534,1774
8/27/2015,233,1652,1885
8/28/2015,205,1320,1525
8/29/2015,87,392,479
8/30/2015,177,9,186
8/31/2015,192,1614,1806
9/1/2015,224,1597,1821
9/2/2015,218,1530,1748
9/3/2015,194,1572,1766
9/4/2015,188,1273,1461
9/5/2015,77,376,453
9/6/2015,172,9,181
9/7/2015,,11,11
9/8/2015,185,1698,1883
9/9/2015,177,1766,1943
9/10/2015,195,1662,1857
9/11/2015,156,1381,1537
9/12/2015,89,409,498
9/13/2015,184,11,195
9/14/2015,247,1685,1932
9/15/2015,251,1594,1845
9/16/2015,240,1688,1928
9/17/2015,233,1698,1931
9/18/2015,195,1405,1600
9/19/2015,93,540,633
9/20/2015,134,294,428
9/21/2015,290,2318,2608
9/22/2015,228,2228,2456
9/23/2015,269,2378,2647
9/24/2015,284,2417,2701
9/25/2015,254,2137,2391
9/26/2015,120,929,1049
9/27/2015,121,1433,1554
9/28/2015,502,5608,6110
9/29/2015,794,6162,6956
9/30/2015,638,6424,7062
10/1/2015,473,5466,5939
10/2/2015,430,4319,4749
10/3/2015,172,2193,2365
10/4/2015,295,3990,4285
10/5/2015,687,6984,7671
10/6/2015,890,6429,7319
10/7/2015,694,6313,7007
10/8/2015,535,5445,5980
10/9/2015,417,4493,4910
10/10/2015,204,2337,2541
10/11/2015,420,3888,4308
10/12/2015,756,8216,8972
10/13/2015,877,6806,7683
10/14/2015,821,6682,7503
10/15/2015,695,6196,6891
10/16/2015,482,4686,5168
10/17/2015,212,2602,2814
10/18/2015,449,4773,5222
10/19/2015,763,7501,8264
10/20/2015,960,6961,7921
10/21/2015,879,7141,8020
10/22/2015,621,6601,7222
10/23/2015,441,4513,4954
10/24/2015,232,2642,2874
10/25/2015,421,4709,5130
10/26/2015,746,7607,8353
10/27/2015,751,7074,7825
10/28/2015,680,7145,7825
10/29/2015,600,5908,6508
10/30/2015,466,4343,4809
10/31/2015,234,2251,2485
11/1/2015,501,4563,5064
11/2/2015,832,7533,8365
11/3/2015,754,7231,7985
11/4/2015,763,7091,7854
11/5/2015,643,5924,6567
11/6/2015,418,4124,4542
11/7/2015,240,2322,2562
11/8/2015,502,4345,4847
11/9/2015,769,7053,7822
11/10/2015,821,6607,7428
11/11/2015,771,6510,7281
11/12/2015,676,5534,6210
11/13/2015,451,4115,4566
11/14/2015,234,2302,2536
11/15/2015,428,4153,4581
11/16/2015,773,7051,7824
11/17/2015,812,6474,7286
11/18/2015,715,6394,7109
11/19/2015,580,5429,6009
11/20/2015,388,3860,4248
11/21/2015,160,1766,1926
11/22/2015,378,3606,3984
11/23/2015,726,6298,7024
11/24/2015,559,4824,5383
11/25/2015,273,2686,2959
11/26/2015,,3,3
11/27/2015,97,873,970
11/28/2015,135,1433,1568
11/29/2015,322,2594,2916
12/1/2015,895,7329,8224
12/2/2015,650,6385,7035
12/3/2015,699,6331,7030
12/4/2015,671,5702,6373
12/5/2015,507,4978,5485
12/6/2015,840,5850,6690
12/7/2015,1010,7676,8686
12/8/2015,876,6836,7712
12/9/2015,653,5842,6495
12/10/2015,533,4567,5100
12/11/2015,238,2536,2774
12/12/2015,97,660,757
12/13/2015,115,465,580
12/14/2015,154,1552,1706
12/15/2015,172,1317,1489
12/16/2015,127,1193,1320
12/17/2015,117,1103,1220
12/18/2015,123,860,983
12/19/2015,43,262,305
12/20/2015,62,183,245
12/21/2015,94,774,868
12/22/2015,87,733,820
12/23/2015,68,611,679
12/24/2015,15,255,270
12/25/2015,,6,6
12/26/2015,35,121,156
12/27/2015,70,125,195
12/28/2015,58,410,468
12/29/2015,88,672,760
12/30/2015,98,703,801
12/31/2015,62,538,600
1/1/2016,,7,7
1/2/2016,75,459,534
1/3/2016,77,869,946
1/4/2016,429,4693,5122
1/5/2016,458,5097,5555
1/6/2016,515,5342,5857
1/7/2016,463,4792,5255
1/8/2016,409,3596,4005
1/9/2016,167,1793,1960
1/10/2016,307,3384,3691
1/11/2016,536,5699,6235
1/12/2016,514,5505,6019
1/13/2016,593,5553,6146
1/14/2016,612,5233,5845
1/15/2016,357,3607,3964
1/16/2016,168,1856,2024
1/17/2016,247,2422,2669
1/18/2016,250,4271,4521
1/19/2016,663,6147,6810
1/20/2016,606,5922,6528
1/21/2016,582,5398,5980
1/22/2016,437,3926,4363
1/23/2016,259,2346,2605
1/24/2016,390,4115,4505
1/25/2016,662,6588,7250
1/26/2016,636,6362,6998
1/27/2016,672,6200,6872
1/28/2016,604,5759,6363
1/29/2016,416,3990,4406
1/30/2016,216,2584,2800
1/31/2016,411,4210,4621
2/1/2016,671,6710,7381
2/2/2016,536,5945,6481
2/3/2016,620,6665,7285
2/4/2016,504,5665,6169
2/5/2016,462,4251,4713
2/6/2016,284,2541,2825
2/7/2016,390,3883,4273
2/8/2016,648,6663,7311
2/9/2016,610,6150,6760
2/10/2016,664,5975,6639
2/11/2016,480,4517,4997
2/12/2016,263,3081,3344
2/13/2016,261,2048,2309
2/14/2016,263,3020,3283
2/15/2016,610,6104,6714
2/16/2016,631,6234,6865
2/17/2016,627,6409,7036
2/18/2016,640,5340,5980
2/19/2016,393,4184,4577
2/20/2016,212,2320,2532
2/21/2016,423,3888,4311
2/22/2016,583,6500,7083
2/23/2016,597,6338,6935
2/24/2016,587,5585,6172
2/25/2016,573,5244,5817
2/26/2016,411,4040,4451
2/27/2016,237,2386,2623
2/28/2016,378,3969,4347
2/29/2016,590,6246,6836
3/1/2016,561,5726,6287
3/2/2016,630,5901,6531
3/3/2016,513,5026,5539
3/4/2016,468,3962,4430
3/5/2016,325,2735,3060
3/6/2016,471,4252,4723
3/7/2016,673,6997,7670
3/8/2016,680,6682,7362
3/9/2016,663,6096,6759
3/10/2016,680,6138,6818
3/11/2016,607,5519,6126
3/12/2016,477,4129,4606
3/13/2016,607,4927,5534
3/14/2016,774,6925,7699
3/15/2016,682,6517,7199
3/16/2016,583,6065,6648
3/17/2016,414,4045,4459
3/18/2016,215,2055,2270
3/19/2016,122,599,721
3/20/2016,113,428,541
3/21/2016,149,1402,1551
3/22/2016,181,1337,1518
3/23/2016,170,1269,1439
3/24/2016,143,1129,1272
3/25/2016,156,1105,1261
3/26/2016,116,472,588
3/27/2016,88,866,954
3/28/2016,449,4944,5393
3/29/2016,534,5197,5731
3/30/2016,455,5166,5621
3/31/2016,508,4847,5355
4/1/2016,367,2991,3358
4/2/2016,185,,185
4/3/2016,261,,261
4/4/2016,438,3501,3939
4/5/2016,607,5772,6379
4/6/2016,538,5450,5988
4/7/2016,679,5473,6152
4/8/2016,324,3812,4136
4/9/2016,189,2079,2268
4/10/2016,334,3639,3973
4/11/2016,616,6099,6715
4/12/2016,680,5907,6587
4/13/2016,618,5827,6445
4/14/2016,665,5673,6338
4/15/2016,445,4196,4641
4/16/2016,248,2288,2536
4/17/2016,405,3828,4233
4/18/2016,618,6193,6811
4/19/2016,693,6164,6857
4/20/2016,635,5980,6615
4/21/2016,616,5374,5990
4/22/2016,330,3752,4082
4/23/2016,209,2212,2421
4/24/2016,379,3733,4112
4/25/2016,655,6613,7268
4/26/2016,613,6430,7043
4/27/2016,604,6219,6823
4/28/2016,589,5884,6473
4/29/2016,424,4331,4755
4/30/2016,239,2523,2762
5/1/2016,377,4294,4671
5/2/2016,574,6588,7162
5/3/2016,616,5849,6465
5/4/2016,662,5718,6380
5/5/2016,626,5211,5837
5/6/2016,407,3616,4023
5/7/2016,263,1974,2237
5/8/2016,363,3364,3727
5/9/2016,622,5761,6383
5/10/2016,623,5648,6271
5/11/2016,649,6070,6719
5/12/2016,695,5348,6043
5/13/2016,361,3780,4141
5/14/2016,205,1856,2061
5/15/2016,367,3655,4022
5/16/2016,586,6274,6860
5/17/2016,624,5988,6612
5/18/2016,613,5757,6370
5/19/2016,576,5252,5828
5/20/2016,344,3835,4179
5/21/2016,227,1955,2182
5/22/2016,372,3538,3910
5/23/2016,578,5950,6528
5/24/2016,629,6096,6725
5/25/2016,687,5818,6505
5/26/2016,745,5591,6336
5/27/2016,427,4212,4639
5/28/2016,255,2524,2779
5/29/2016,415,3450,3865
5/30/2016,543,5628,6171
5/31/2016,678,7086,7764
6/1/2016,744,6530,7274
6/2/2016,650,6081,6731
6/3/2016,491,5225,5716
6/4/2016,336,3632,3968
6/5/2016,440,4491,4931
6/6/2016,647,6452,7099
6/7/2016,544,5458,6002
6/8/2016,486,5074,5560
6/9/2016,390,4180,4570
6/10/2016,214,2855,3069
6/11/2016,128,705,833
6/12/2016,143,396,539
6/13/2016,177,1660,1837
6/14/2016,192,1667,1859
6/15/2016,197,1724,1921
6/16/2016,171,1564,1735
6/17/2016,165,1295,1460
6/18/2016,114,520,634
6/19/2016,171,402,573
6/20/2016,240,2056,2296
6/21/2016,239,1943,2182
6/22/2016,260,1850,2110
6/23/2016,256,1952,2208
6/24/2016,210,1579,1789
6/25/2016,118,527,645
6/26/2016,165,607,772
6/27/2016,252,2130,2382
6/28/2016,239,1953,2192
6/29/2016,294,1845,2139
6/30/2016,243,1813,2056
7/1/2016,183,1295,1478
7/2/2016,134,476,610
7/3/2016,118,513,631
7/4/2016,,9,9
7/5/2016,235,1908,2143
7/6/2016,307,1797,2104
7/7/2016,228,1919,2147
7/8/2016,247,1437,1684
7/9/2016,124,517,641
7/10/2016,183,657,840
7/11/2016,250,1971,2221
7/12/2016,273,2031,2304
7/13/2016,295,2014,2309
7/14/2016,269,1977,2246
7/15/2016,210,1433,1643
7/16/2016,134,481,615
7/17/2016,171,566,737
7/18/2016,252,2034,2286
7/19/2016,295,1916,2211
7/20/2016,332,1976,2308
7/21/2016,242,1960,2202
7/22/2016,231,1525,1756
7/23/2016,180,610,790
7/24/2016,184,592,776
7/25/2016,247,1984,2231
7/26/2016,263,2007,2270
7/27/2016,258,1935,2193
7/28/2016,256,1817,2073
7/29/2016,169,1391,1560
7/30/2016,100,449,549
7/31/2016,147,481,628
8/1/2016,218,1662,1880
8/2/2016,224,1634,1858
8/3/2016,266,1700,1966
8/4/2016,211,1590,1801
8/5/2016,175,1220,1395
8/6/2016,119,435,554
8/7/2016,155,488,643
8/8/2016,244,1713,1957
8/9/2016,241,1551,1792
8/10/2016,277,1699,1976
8/11/2016,232,1586,1818
8/12/2016,177,1147,1324
8/13/2016,118,464,582
8/14/2016,123,471,594
8/15/2016,222,1530,1752
8/16/2016,240,1479,1719
8/17/2016,254,1432,1686
8/18/2016,239,1405,1644
8/19/2016,155,1106,1261
8/20/2016,106,369,475
8/21/2016,127,394,521
8/22/2016,222,1465,1687
8/23/2016,244,1456,1700
8/24/2016,226,1376,1602
8/25/2016,168,1591,1759
8/26/2016,152,1025,1177
8/27/2016,87,399,486
8/28/2016,217,16,233
8/29/2016,162,1362,1524
8/30/2016,157,1382,1539
8/31/2016,150,1320,1470
9/1/2016,142,1333,1475
9/2/2016,135,1018,1153
9/3/2016,80,394,474
9/4/2016,142,15,157
9/5/2016,,25,25
9/6/2016,148,1752,1900
9/7/2016,155,1749,1904
9/8/2016,150,1546,1696
9/9/2016,152,1336,1488
9/10/2016,89,480,569
9/11/2016,192,13,205
9/12/2016,219,1681,1900
9/13/2016,169,1706,1875
9/14/2016,185,1734,1919
9/15/2016,204,1689,1893
9/16/2016,187,1381,1568
9/17/2016,99,419,518
9/18/2016,209,14,223
9/19/2016,188,2207,2395
9/20/2016,193,2009,2202
9/21/2016,280,2359,2639
9/22/2016,343,2342,2685
9/23/2016,267,1940,2207
9/24/2016,153,859,1012
9/25/2016,250,904,1154
9/26/2016,695,5247,5942
9/27/2016,552,5616,6168
9/28/2016,569,5686,6255
9/29/2016,486,5350,5836
9/30/2016,294,4148,4442
10/1/2016,223,3,226
10/2/2016,319,,319
10/3/2016,848,6145,6993
10/4/2016,655,6338,6993
10/5/2016,661,6561,7222
10/6/2016,557,5496,6053
10/7/2016,425,4268,4693
10/8/2016,227,2078,2305
10/9/2016,335,3831,4166
10/10/2016,795,7620,8415
10/11/2016,730,6788,7518
10/12/2016,589,6586,7175
10/13/2016,588,6478,7066
10/14/2016,470,4415,4885
10/15/2016,245,2513,2758
10/16/2016,395,4186,4581
10/17/2016,809,7329,8138
10/18/2016,730,7132,7862
10/19/2016,622,6940,7562
10/20/2016,514,6554,7068
10/21/2016,412,4415,4827
10/22/2016,276,2705,2981
10/23/2016,420,4749,5169
10/24/2016,725,7377,8102
10/25/2016,727,7115,7842
10/26/2016,529,6437,6966
10/27/2016,528,5996,6524
10/28/2016,385,4170,4555
10/29/2016,266,2497,2763
10/30/2016,441,4487,4928
10/31/2016,685,7334,8019
11/1/2016,686,6679,7365
11/2/2016,526,6084,6610
11/3/2016,552,5801,6353
11/4/2016,385,3799,4184
11/5/2016,252,2405,2657
11/6/2016,408,4327,4735
11/7/2016,815,6933,7748
11/8/2016,575,5759,6334
11/9/2016,565,5684,6249
11/10/2016,498,5558,6056
11/11/2016,378,4214,4592
11/12/2016,266,2273,2539
11/13/2016,406,3934,4340
11/14/2016,655,6645,7300
11/15/2016,611,6406,7017
11/16/2016,612,6269,6881
11/17/2016,555,5453,6008
11/18/2016,352,3772,4124
11/19/2016,232,2100,2332
11/20/2016,352,3684,4036
11/21/2016,669,6350,7019
11/22/2016,420,4883,5303
11/23/2016,278,2497,2775
11/24/2016,,8,8
11/25/2016,92,820,912
11/26/2016,170,1436,1606
11/27/2016,218,2763,2981
11/28/2016,667,6527,7194
11/29/2016,683,7036,7719
11/30/2016,631,6083,6714
12/1/2016,630,6361,6991
12/2/2016,568,5903,6471
12/3/2016,375,4522,4897
12/4/2016,551,5468,6019
12/5/2016,698,7350,8048
12/6/2016,593,6597,7190
12/7/2016,547,5937,6484
12/8/2016,406,4283,4689
12/9/2016,234,2525,2759
12/10/2016,75,618,693
12/11/2016,94,287,381
12/12/2016,155,1527,1682
12/13/2016,118,1180,1298
12/14/2016,114,1048,1162
12/15/2016,120,772,892
12/16/2016,101,725,826
12/17/2016,58,247,305
12/18/2016,57,135,192
12/19/2016,102,825,927
12/20/2016,86,833,919
12/21/2016,94,739,833
12/22/2016,96,670,766
12/23/2016,72,429,501
12/24/2016,,9,9
12/26/2016,,11,11
12/27/2016,102,568,670
12/28/2016,60,597,657
12/29/2016,72,608,680
12/30/2016,82,560,642
12/31/2016,,5,5
1/1/2017,,7,7
1/2/2017,54,907,961
1/3/2017,338,4376,4714
1/4/2017,506,4877,5383
1/5/2017,473,4514,4987
1/6/2017,324,3409,3733
1/7/2017,161,1659,1820
1/8/2017,259,3381,3640
1/9/2017,559,5727,6286
1/10/2017,537,5239,5776
1/11/2017,699,5552,6251
1/12/2017,564,4718,5282
1/13/2017,369,3629,3998
1/14/2017,146,1755,1901
1/15/2017,285,2683,2968
1/16/2017,302,4106,4408
1/17/2017,617,6210,6827
1/18/2017,618,6058,6676
1/19/2017,563,5236,5799
1/20/2017,323,3914,4237
1/21/2017,263,2239,2502
1/22/2017,369,4276,4645
1/23/2017,643,6623,7266
1/24/2017,694,6493,7187
1/25/2017,618,6261,6879
1/26/2017,587,5530,6117
1/27/2017,305,3881,4186
1/28/2017,172,2209,2381
1/29/2017,329,4153,4482
1/30/2017,498,6778,7276
1/31/2017,574,6445,7019
2/1/2017,553,6567,7120
2/2/2017,508,5648,6156
2/3/2017,381,4126,4507
2/4/2017,228,2657,2885
2/5/2017,379,3970,4349
2/6/2017,597,6914,7511
2/7/2017,568,6517,7085
2/8/2017,578,6250,6828
2/9/2017,559,4867,5426
2/10/2017,312,3437,3749
2/11/2017,260,2452,2712
2/12/2017,340,4255,4595
2/13/2017,612,6881,7493
2/14/2017,570,6316,6886
2/15/2017,578,6246,6824
2/16/2017,522,5312,5834
2/17/2017,363,4041,4404
2/18/2017,217,2148,2365
2/19/2017,313,3987,4300
2/20/2017,567,6762,7329
2/21/2017,697,6597,7294
2/22/2017,722,6604,7326
2/23/2017,533,5320,5853
2/24/2017,380,3911,4291
2/25/2017,223,2263,2486
2/26/2017,419,4178,4597
2/27/2017,634,6684,7318
2/28/2017,544,5979,6523
3/1/2017,617,6085,6702
3/2/2017,549,5283,5832
3/3/2017,383,4253,4636
3/4/2017,266,2915,3181
3/5/2017,457,4577,5034
3/6/2017,742,7549,8291
3/7/2017,755,7196,7951
3/8/2017,576,6226,6802
3/9/2017,583,6203,6786
3/10/2017,594,5539,6133
3/11/2017,399,4187,4586
3/12/2017,575,5941,6516
3/13/2017,584,6825,7409
3/14/2017,542,5624,6166
3/15/2017,453,5527,5980
3/16/2017,312,4176,4488
3/17/2017,160,2030,2190
3/18/2017,100,540,640
3/19/2017,114,348,462
3/20/2017,136,1229,1365
3/21/2017,158,1227,1385
3/22/2017,131,1192,1323
3/23/2017,140,1226,1366
3/24/2017,137,1101,1238
3/25/2017,87,407,494
3/26/2017,93,898,991
3/27/2017,324,4471,4795
3/28/2017,459,5013,5472
3/29/2017,417,5122,5539
3/30/2017,418,4419,4837
3/31/2017,288,3810,4098
4/1/2017,145,1991,2136
4/2/2017,182,3825,4007
4/3/2017,500,5646,6146
4/4/2017,389,6192,6581
4/5/2017,436,5539,5975
4/6/2017,409,5298,5707
4/7/2017,280,3783,4063
4/8/2017,133,2105,2238
4/9/2017,181,3999,4180
4/10/2017,470,5824,6294
4/11/2017,416,6068,6484
4/12/2017,457,5994,6451
4/13/2017,363,5181,5544
4/14/2017,293,3890,4183
4/15/2017,145,2088,2233
4/16/2017,204,3959,4163
4/17/2017,467,6601,7068
4/18/2017,424,6574,6998
4/19/2017,398,6248,6646
4/20/2017,370,5683,6053
4/21/2017,266,4183,4449
4/22/2017,179,2783,2962
4/23/2017,227,4504,4731
4/24/2017,472,7103,7575
4/25/2017,367,6826,7193
4/26/2017,485,6886,7371
4/27/2017,369,5659,6028
4/28/2017,328,4340,4668
4/29/2017,138,2411,2549
4/30/2017,178,4395,4573
5/1/2017,377,6579,6956
5/2/2017,369,5876,6245
5/3/2017,372,5901,6273
5/4/2017,339,5267,5606
5/5/2017,290,3698,3988
5/6/2017,191,2271,2462
5/7/2017,231,3800,4031
5/8/2017,387,6198,6585
5/9/2017,384,5808,6192
5/10/2017,369,5620,5989
5/11/2017,359,5342,5701
5/12/2017,257,3672,3929
5/13/2017,134,2137,2271
5/14/2017,197,3850,4047
5/15/2017,415,6268,6683
5/16/2017,397,5950,6347
5/17/2017,428,5703,6131
5/18/2017,435,5033,5468
5/19/2017,261,3509,3770
5/20/2017,138,2009,2147
5/21/2017,208,3777,3985
5/22/2017,415,6134,6549
5/23/2017,379,5878,6257
5/24/2017,452,5652,6104
5/25/2017,499,5550,6049
5/26/2017,337,3828,4165
5/27/2017,171,2419,2590
5/28/2017,203,3434,3637
5/29/2017,313,5529,5842
5/30/2017,451,7053,7504
5/31/2017,403,6334,6737
6/1/2017,384,5458,5842
6/2/2017,358,5163,5521
6/3/2017,184,3716,3900
6/4/2017,282,4955,5237
6/5/2017,378,5940,6318
6/6/2017,405,5712,6117
6/7/2017,318,5069,5387
6/8/2017,256,3049,3305
6/9/2017,148,2211,2359
6/10/2017,78,696,774
6/11/2017,117,393,510
6/12/2017,174,1682,1856
6/13/2017,161,1527,1688
6/14/2017,136,1518,1654
6/15/2017,126,1419,1545
6/16/2017,133,1234,1367
6/17/2017,74,467,541
6/18/2017,124,319,443
6/19/2017,152,1787,1939
6/20/2017,137,1824,1961
6/21/2017,247,1978,2225
6/22/2017,176,1888,2064
6/23/2017,147,1517,1664
6/24/2017,104,484,588
6/25/2017,128,536,664
6/26/2017,196,1941,2137
6/27/2017,157,1849,2006
6/28/2017,201,1841,2042
6/29/2017,146,1684,1830
6/30/2017,150,1365,1515
7/1/2017,103,433,536
7/2/2017,100,474,574
7/3/2017,145,1558,1703
7/4/2017,,6,6
7/5/2017,184,1883,2067
7/6/2017,162,1961,2123
7/7/2017,150,1506,1656
7/8/2017,98,503,601
7/9/2017,90,581,671
7/10/2017,159,1887,2046
7/11/2017,163,1965,2128
7/12/2017,219,1756,1975
7/13/2017,146,1980,2126
7/14/2017,120,1310,1430
7/15/2017,110,497,607
7/16/2017,95,595,690
7/17/2017,129,2106,2235
7/18/2017,160,2081,2241
7/19/2017,158,2013,2171
7/20/2017,154,1882,2036
7/21/2017,122,1410,1532
7/22/2017,108,512,620
7/23/2017,94,611,705
7/24/2017,132,1919,2051
7/25/2017,155,1988,2143
7/26/2017,167,1963,2130
7/27/2017,122,1885,2007
7/28/2017,133,1280,1413
7/29/2017,74,406,480
7/30/2017,79,494,573
7/31/2017,151,1780,1931
8/1/2017,126,1648,1774
8/2/2017,133,1800,1933
8/3/2017,137,1582,1719
8/4/2017,113,1238,1351
8/5/2017,75,419,494
8/6/2017,74,472,546
8/7/2017,109,1689,1798
8/8/2017,110,1662,1772
8/9/2017,137,1613,1750
8/10/2017,105,1581,1686
8/11/2017,73,1123,1196
8/12/2017,50,451,501
8/13/2017,80,426,506
8/14/2017,115,1518,1633
8/15/2017,119,1535,1654
8/16/2017,105,1491,1596
8/17/2017,82,1447,1529
8/18/2017,114,1169,1283
8/19/2017,75,391,466
8/20/2017,54,408,462
8/21/2017,94,1435,1529
8/22/2017,115,1524,1639
8/23/2017,131,1488,1619
8/24/2017,102,1631,1733
8/25/2017,125,1200,1325
8/26/2017,56,376,432
8/27/2017,155,10,165
8/28/2017,58,1507,1565
8/29/2017,89,1467,1556
8/30/2017,99,1402,1501
8/31/2017,101,1315,1416
9/1/2017,70,942,1012
9/2/2017,47,344,391
9/3/2017,158,6,164
9/4/2017,,13,13
9/5/2017,125,1602,1727
9/6/2017,106,1639,1745
9/7/2017,112,1502,1614
9/8/2017,124,1290,1414
9/9/2017,63,482,545
9/10/2017,153,8,161
9/11/2017,154,1739,1893
9/12/2017,117,1694,1811
9/13/2017,169,1638,1807
9/14/2017,94,1698,1792
9/15/2017,110,1408,1518
9/16/2017,67,817,884
9/17/2017,164,13,177
9/18/2017,110,2073,2183
9/19/2017,130,2099,2229
9/20/2017,138,2783,2921
9/21/2017,281,2809,3090
9/22/2017,227,2308,2535
9/23/2017,104,1107,1211
9/24/2017,116,1782,1898
9/25/2017,266,6349,6615
9/26/2017,541,6731,7272
9/27/2017,321,6945,7266
9/28/2017,339,6277,6616
9/29/2017,221,4827,5048
9/30/2017,105,2695,2800
10/1/2017,192,4645,4837
10/2/2017,412,7847,8259
10/3/2017,624,7088,7712
10/4/2017,406,7155,7561
10/5/2017,348,6410,6758
10/6/2017,265,4505,4770
10/7/2017,149,2679,2828
10/8/2017,190,5081,5271
10/9/2017,439,8266,8705
10/10/2017,587,7221,7808
10/11/2017,403,7333,7736
10/12/2017,416,7351,7767
10/13/2017,262,4954,5216
10/14/2017,66,1576,1642
10/15/2017,169,5227,5396
10/16/2017,440,8897,9337
10/17/2017,527,8246,8773
10/18/2017,446,7554,8000
10/19/2017,399,6762,7161
10/20/2017,309,4809,5118
10/21/2017,152,3128,3280
10/22/2017,196,4826,5022
10/23/2017,393,7757,8150
10/24/2017,421,7236,7657
10/25/2017,333,7777,8110
10/26/2017,346,6636,6982
10/27/2017,205,4554,4759
10/28/2017,140,2673,2813
10/29/2017,212,5080,5292
10/30/2017,444,7697,8141
10/31/2017,428,6622,7050
11/1/2017,323,6709,7032
11/2/2017,295,6128,6423
11/3/2017,228,4631,4859
11/4/2017,111,2423,2534
11/5/2017,158,4766,4924
11/6/2017,391,7474,7865
11/7/2017,407,6963,7370
11/8/2017,359,7059,7418
11/9/2017,336,6222,6558
11/10/2017,205,4383,4588
11/11/2017,116,2694,2810
11/12/2017,139,4422,4561
11/13/2017,361,7334,7695
11/14/2017,415,6769,7184
11/15/2017,335,6719,7054
11/16/2017,397,5990,6387
11/17/2017,260,4231,4491
11/18/2017,126,2002,2128
11/19/2017,202,4068,4270
11/20/2017,75,6614,6689
11/21/2017,179,4966,5145
11/22/2017,140,2442,2582
11/23/2017,1,3,4
11/24/2017,1,572,573
11/25/2017,63,1605,1668
11/26/2017,97,2923,3020
11/27/2017,403,7462,7865
11/28/2017,422,7382,7804
11/29/2017,339,6650,6989
11/30/2017,310,6443,6753
12/1/2017,300,6147,6447
12/2/2017,219,5394,5613
12/3/2017,351,6151,6502
12/4/2017,372,7481,7853
12/5/2017,351,7225,7576
12/6/2017,366,6673,7039
12/7/2017,269,4972,5241
12/8/2017,143,2716,2859
12/9/2017,51,650,701
12/10/2017,96,477,573
12/11/2017,58,1363,1421
12/12/2017,56,1217,1273
12/13/2017,69,1153,1222
12/14/2017,58,1104,1162
12/15/2017,39,972,1011
12/16/2017,31,282,313
12/17/2017,33,257,290
12/18/2017,44,1010,1054
12/19/2017,49,965,1014
12/20/2017,37,914,951
12/21/2017,27,693,720
12/22/2017,20,487,507
12/23/2017,24,193,217
12/24/2017,3,64,67
12/25/2017,,1,1
12/26/2017,21,394,415
12/27/2017,15,460,475
12/28/2017,22,548,570
12/29/2017,27,434,461
12/30/2017,35,265,300
12/31/2017,14,184,198
1/1/2018,,10,10
1/2/2018,69,1334,1403
1/3/2018,249,4484,4733
1/4/2018,276,4648,4924
1/5/2018,174,3649,3823
1/6/2018,57,2005,2062
1/7/2018,108,3327,3435
1/8/2018,296,6066,6362
1/9/2018,381,6095,6476
1/10/2018,409,6050,6459
1/11/2018,346,5460,5806
1/12/2018,169,3898,4067
1/13/2018,64,1870,1934
1/14/2018,93,2977,3070
1/15/2018,,4512,4512
1/16/2018,397,6330,6727
1/17/2018,391,6338,6729
1/18/2018,341,5812,6153
1/19/2018,245,4119,4364
1/20/2018,101,2734,2835
1/21/2018,147,4775,4922
1/22/2018,320,6929,7249
1/23/2018,341,6791,7132
1/24/2018,348,6592,6940
1/25/2018,318,6065,6383
1/26/2018,196,4275,4471
1/27/2018,114,2781,2895
1/28/2018,128,4806,4934
1/29/2018,262,7246,7508
1/30/2018,310,6842,7152
1/31/2018,349,6961,7310
2/1/2018,261,6118,6379
2/2/2018,199,4431,4630
2/3/2018,126,3091,3217
2/4/2018,106,3955,4061
2/5/2018,216,6943,7159
2/6/2018,287,6744,7031
2/7/2018,272,6444,6716
2/8/2018,292,4790,5082
2/9/2018,72,2452,2524
2/10/2018,73,2124,2197
2/11/2018,64,3812,3876
2/12/2018,232,6849,7081
2/13/2018,279,6373,6652
2/14/2018,291,6200,6491
2/15/2018,302,5766,6068
2/16/2018,196,4290,4486
2/17/2018,82,2587,2669
2/18/2018,113,4220,4333
2/19/2018,271,6790,7061
2/20/2018,280,6368,6648
2/21/2018,344,6786,7130
2/22/2018,301,5939,6240
2/23/2018,192,3979,4171
2/24/2018,77,2616,2693
2/25/2018,113,4341,4454
2/26/2018,290,7242,7532
2/27/2018,289,6711,7000
2/28/2018,287,6415,6702
3/1/2018,298,5640,5938
3/2/2018,229,4576,4805
3/3/2018,99,3134,3233
3/4/2018,145,4986,5131
3/5/2018,298,7190,7488
3/6/2018,292,6971,7263
3/7/2018,311,6536,6847
3/8/2018,249,6419,6668
3/9/2018,223,6135,6358
3/10/2018,176,5037,5213
3/11/2018,286,5669,5955
3/12/2018,255,6951,7206
3/13/2018,226,6387,6613
3/14/2018,206,6008,6214
3/15/2018,29,4585,4614
3/16/2018,47,739,786
3/17/2018,46,476,522
3/18/2018,49,402,451
3/19/2018,70,1304,1374
3/20/2018,54,1202,1256
3/21/2018,48,1265,1313
3/22/2018,62,1228,1290
3/23/2018,47,1023,1070
3/24/2018,47,510,557
3/25/2018,59,972,1031
3/26/2018,212,5004,5216
3/27/2018,322,5223,5545
3/28/2018,297,5415,5712
3/29/2018,355,4658,5013
3/30/2018,162,3799,3961
3/31/2018,86,2049,2135
4/1/2018,100,3544,3644
4/2/2018,267,6227,6494
4/3/2018,279,5704,5983
4/4/2018,282,5902,6184
4/5/2018,324,5478,5802
4/6/2018,146,4089,4235
4/7/2018,132,2561,2693
4/8/2018,126,4227,4353
4/9/2018,312,6666,6978
4/10/2018,300,6250,6550
4/11/2018,316,6327,6643
4/12/2018,312,5767,6079
4/13/2018,165,4095,4260
4/14/2018,95,2515,2610
4/15/2018,123,4007,4130
4/16/2018,282,6373,6655
4/17/2018,284,6526,6810
4/18/2018,303,6305,6608
4/19/2018,307,5753,6060
4/20/2018,161,4160,4321
4/21/2018,107,2895,3002
4/22/2018,155,4580,4735
4/23/2018,313,7068,7381
4/24/2018,269,6857,7126
4/25/2018,328,6626,6954
4/26/2018,287,5898,6185
4/27/2018,170,4156,4326
4/28/2018,124,2724,2848
4/29/2018,166,3982,4148
4/30/2018,295,6188,6483
5/1/2018,300,6011,6311
5/2/2018,271,6067,6338
5/3/2018,307,5399,5706
5/4/2018,198,3994,4192
5/5/2018,132,2421,2553
5/6/2018,148,4192,4340
5/7/2018,325,6290,6615
5/8/2018,347,6315,6662
5/9/2018,325,6179,6504
5/10/2018,301,5654,5955
5/11/2018,161,3984,4145
5/12/2018,97,2482,2579
5/13/2018,115,4111,4226
5/14/2018,277,6408,6685
5/15/2018,262,6683,6945
5/16/2018,322,6281,6603
5/17/2018,329,5801,6130
5/18/2018,178,4238,4416
5/19/2018,69,2293,2362
5/20/2018,151,3981,4132
5/21/2018,344,6120,6464
5/22/2018,359,6680,7039
5/23/2018,367,6265,6632
5/24/2018,401,5988,6389
5/25/2018,196,4205,4401
5/26/2018,157,2988,3145
5/27/2018,248,4413,4661
5/28/2018,,6499,6499
5/29/2018,390,8010,8400
5/30/2018,363,7322,7685
5/31/2018,335,6581,6916
6/1/2018,279,5526,5805
6/2/2018,202,4046,4248
6/3/2018,209,4839,5048
6/4/2018,290,6425,6715
6/5/2018,244,6024,6268
6/6/2018,212,5081,5293
6/7/2018,184,3648,3832
6/8/2018,79,2243,2322
6/9/2018,27,682,709
6/10/2018,74,390,464
6/11/2018,63,1646,1709
6/12/2018,69,1545,1614
6/13/2018,,1590,1590
6/14/2018,,1490,1490
6/15/2018,,1175,1175
6/16/2018,,524,524
6/17/2018,,423,423
6/18/2018,,2057,2057
6/19/2018,,1928,1928
6/20/2018,,2017,2017
6/21/2018,,1504,1504
6/22/2018,,1204,1204
6/23/2018,,462,462
6/24/2018,,442,442
6/25/2018,,1848,1848
6/26/2018,,1765,1765
6/27/2018,,1814,1814
6/28/2018,,1706,1706
6/29/2018,,1375,1375
6/30/2018,,543,543
7/1/2018,,661,661
7/2/2018,,1944,1944
7/3/2018,,1805,1805
7/4/2018,,4,4
7/5/2018,,1739,1739
7/6/2018,,1297,1297
7/7/2018,,566,566
7/8/2018,,492,492
7/9/2018,,2024,2024
7/10/2018,,1913,1913
7/11/2018,,1935,1935
7/12/2018,,1877,1877
7/13/2018,,1276,1276
7/14/2018,,505,505
7/15/2018,,546,546
7/16/2018,,1945,1945
7/17/2018,,1916,1916
7/18/2018,,1864,1864
7/19/2018,,1859,1859
7/20/2018,,1433,1433
7/21/2018,,477,477
7/22/2018,,529,529
7/23/2018,,1864,1864
7/24/2018,,1766,1766
7/25/2018,,1778,1778
7/26/2018,,1806,1806
7/27/2018,,1240,1240
7/28/2018,,429,429
7/29/2018,,413,413
7/30/2018,,1685,1685
7/31/2018,,1617,1617
8/1/2018,,1611,1611
8/2/2018,,1454,1454
8/3/2018,,1126,1126
8/4/2018,,434,434
8/5/2018,,422,422
8/6/2018,,1435,1435
8/7/2018,,1530,1530
8/8/2018,,1491,1491
8/9/2018,,1410,1410
8/10/2018,,1174,1174
8/11/2018,,414,414
8/12/2018,,368,368
8/13/2018,,1538,1538
8/14/2018,,1529,1529
8/15/2018,,1367,1367
8/16/2018,,1261,1261
8/17/2018,,1011,1011
8/18/2018,,393,393
8/19/2018,,373,373
8/20/2018,,1289,1289
8/21/2018,,1367,1367
8/22/2018,,1468,1468
8/23/2018,,1248,1248
8/24/2018,,1101,1101
8/25/2018,,360,360
8/26/2018,,10,10
8/27/2018,,1485,1485
8/28/2018,,1319,1319
8/29/2018,,1228,1228
8/30/2018,,1232,1232
8/31/2018,,974,974
9/1/2018,,355,355
9/2/2018,,3,3
9/3/2018,,7,7
9/4/2018,,1580,1580
9/5/2018,,1535,1535
9/6/2018,1,1323,1324
9/7/2018,,1079,1079
9/8/2018,,428,428
9/9/2018,1,4,5
9/10/2018,47,1551,1598
9/11/2018,19,1600,1619
9/12/2018,21,1628,1649
9/13/2018,40,1594,1634
9/14/2018,81,1222,1303
9/15/2018,22,512,534
9/16/2018,33,5,38
9/17/2018,55,1960,2015
9/18/2018,54,1824,1878
9/19/2018,92,1888,1980
9/20/2018,62,1767,1829
9/21/2018,107,1403,1510
9/22/2018,40,857,897
9/23/2018,161,9,170
9/24/2018,88,2142,2230
9/25/2018,122,2962,3084
9/26/2018,109,2806,2915
9/27/2018,226,2368,2594
9/28/2018,81,1945,2026
9/29/2018,93,1044,1137
9/30/2018,107,1543,1650
10/1/2018,218,5674,5892
10/2/2018,182,6195,6377
10/3/2018,202,6918,7120
10/4/2018,167,6213,6380
10/5/2018,143,4746,4889
10/6/2018,119,2703,2822
10/7/2018,173,4495,4668
10/8/2018,220,7791,8011
10/9/2018,224,7272,7496
10/10/2018,259,6992,7251
10/11/2018,205,6284,6489
10/12/2018,159,4675,4834
10/13/2018,109,2632,2741
10/14/2018,217,4928,5145
10/15/2018,255,7770,8025
10/16/2018,319,7515,7834
10/17/2018,262,8383,8645
10/18/2018,256,6781,7037
10/19/2018,184,4900,5084
10/20/2018,168,3318,3486
10/21/2018,248,5274,5522
10/22/2018,285,7961,8246
10/23/2018,297,7902,8199
10/24/2018,257,7719,7976
10/25/2018,249,6666,6915
10/26/2018,161,4821,4982
10/27/2018,120,3091,3211
10/28/2018,247,5045,5292
10/29/2018,355,8105,8460
10/30/2018,265,7775,8040
10/31/2018,244,7395,7639
11/1/2018,192,6877,7069
11/2/2018,219,4792,5011
11/3/2018,156,3319,3475
11/4/2018,206,5035,5241
11/5/2018,290,8064,8354
11/6/2018,249,7410,7659
11/7/2018,297,7552,7849
11/8/2018,219,6657,6876
11/9/2018,145,4040,4185
11/10/2018,85,2586,2671
11/11/2018,214,4416,4630
11/12/2018,266,7322,7588
11/13/2018,296,7156,7452
11/14/2018,233,6914,7147
11/15/2018,180,6383,6563
11/16/2018,140,4570,4710
11/17/2018,123,2618,2741
11/18/2018,196,4515,4711
11/19/2018,272,6527,6799
11/20/2018,187,5069,5256
11/21/2018,100,2224,2324
11/22/2018,,4,4
11/23/2018,,531,531
11/24/2018,43,1278,1321
11/25/2018,107,2079,2186
11/26/2018,198,5934,6132
11/27/2018,236,6469,6705
11/28/2018,260,7265,7525
11/29/2018,214,6116,6330
11/30/2018,216,4775,4991
12/1/2018,153,3050,3203
12/2/2018,220,5150,5370
12/3/2018,321,7659,7980
12/4/2018,252,7431,7683
12/5/2018,242,6913,7155
12/6/2018,297,6401,6698
12/7/2018,349,5952,6301
12/8/2018,254,4807,5061
12/9/2018,406,5799,6205
12/10/2018,401,7248,7649
12/11/2018,258,6613,6871
12/12/2018,260,5858,6118
12/13/2018,253,4723,4976
12/14/2018,98,2303,2401
12/15/2018,70,450,520
12/16/2018,65,351,416
12/17/2018,69,1118,1187
12/18/2018,50,1066,1116
12/19/2018,37,880,917
12/20/2018,52,824,876
12/21/2018,45,579,624
12/22/2018,21,220,241
12/23/2018,32,142,174
12/24/2018,13,222,235
12/25/2018,,2,2
12/26/2018,32,419,451
12/27/2018,25,490,515
12/28/2018,32,485,517
12/29/2018,49,250,299
12/30/2018,34,204,238
12/31/2018,29,350,379
1/1/2019,,8,8
1/2/2019,66,865,931
1/3/2019,49,992,1041
1/4/2019,91,935,1026
1/5/2019,53,553,606
1/6/2019,57,1005,1062
1/7/2019,197,4847,5044
1/8/2019,190,5468,5658
1/9/2019,152,5410,5562
1/10/2019,141,5201,5342
1/11/2019,187,4277,4464
1/12/2019,102,2137,2239
1/13/2019,108,3993,4101
1/14/2019,222,6561,6783
1/15/2019,196,6237,6433
1/16/2019,190,6192,6382
1/17/2019,192,5828,6020
1/18/2019,120,3833,3953
1/19/2019,57,1726,1783
1/20/2019,114,2959,3073
1/21/2019,,4673,4673
1/22/2019,220,6413,6633
1/23/2019,212,6257,6469
1/24/2019,203,5716,5919
1/25/2019,155,3907,4062
1/26/2019,93,2658,2751
1/27/2019,155,4478,4633
1/28/2019,266,6187,6453
1/29/2019,116,3738,3854
1/30/2019,,18,18
1/31/2019,115,4066,4181
2/1/2019,182,4375,4557
2/2/2019,123,3111,3234
2/3/2019,146,4260,4406
2/4/2019,266,7066,7332
2/5/2019,205,6784,6989
2/6/2019,207,6746,6953
2/7/2019,182,5837,6019
2/8/2019,143,4146,4289
2/9/2019,98,3000,3098
2/10/2019,188,4738,4926
2/11/2019,224,7127,7351
2/12/2019,238,6705,6943
2/13/2019,188,6094,6282
2/14/2019,136,4856,4992
2/15/2019,130,3124,3254
2/16/2019,151,2469,2620
2/17/2019,185,4003,4188
2/18/2019,199,7010,7209
2/19/2019,277,6665,6942
2/20/2019,194,6685,6879
2/21/2019,189,6337,6526
2/22/2019,150,4208,4358
2/23/2019,81,2750,2831
2/24/2019,131,4406,4537
2/25/2019,289,6748,7037
2/26/2019,271,6388,6659
2/27/2019,210,6496,6706
2/28/2019,229,5960,6189
3/1/2019,161,4408,4569
3/2/2019,107,2865,2972
3/3/2019,133,4474,4607
3/4/2019,208,6708,6916
3/5/2019,198,6408,6606
3/6/2019,196,6539,6735
3/7/2019,189,5982,6171
3/8/2019,200,4612,4812
3/9/2019,111,3277,3388
3/10/2019,206,5176,5382
3/11/2019,272,7729,8001
3/12/2019,274,7470,7744
3/13/2019,258,6479,6737
3/14/2019,266,6389,6655
3/15/2019,281,5810,6091
3/16/2019,281,4714,4995
3/17/2019,406,5925,6331
3/18/2019,381,7071,7452
3/19/2019,390,6640,7030
3/20/2019,279,5511,5790
3/21/2019,140,3973,4113
3/22/2019,99,2164,2263
3/23/2019,56,570,626
3/24/2019,71,377,448
3/25/2019,77,1186,1263
3/26/2019,80,1224,1304
3/27/2019,71,1259,1330
3/28/2019,48,1223,1271
3/29/2019,73,1081,1154
3/30/2019,50,538,588
3/31/2019,41,1020,1061
4/1/2019,218,4876,5094
4/2/2019,199,5524,5723
4/3/2019,251,5819,6070
4/4/2019,202,5253,5455
4/5/2019,169,4188,4357
4/6/2019,131,2303,2434
4/7/2019,201,4358,4559
4/8/2019,236,6514,6750
4/9/2019,220,6350,6570
4/10/2019,260,5899,6159
4/11/2019,206,5900,6106
4/12/2019,184,4267,4451
4/13/2019,130,2593,2723
4/14/2019,140,3253,3393
4/15/2019,269,6878,7147
4/16/2019,224,6130,6354
4/17/2019,253,6802,7055
4/18/2019,210,5894,6104
4/19/2019,176,4019,4195
4/20/2019,140,2454,2594
4/21/2019,205,3694,3899
4/22/2019,258,6638,6896
4/23/2019,280,6946,7226
4/24/2019,322,6461,6783
4/25/2019,237,6086,6323
4/26/2019,214,4297,4511
4/27/2019,128,2588,2716
4/28/2019,238,4583,4821
4/29/2019,381,6568,6949
4/30/2019,255,6319,6574
5/1/2019,298,6736,7034
5/2/2019,296,5728,6024
5/3/2019,204,4645,4849
5/4/2019,142,2901,3043
5/5/2019,167,4606,4773
5/6/2019,243,6732,6975
5/7/2019,278,6026,6304
5/8/2019,228,5974,6202
5/9/2019,230,5599,5829
5/10/2019,200,4032,4232
5/11/2019,93,2290,2383
5/12/2019,192,3782,3974
5/13/2019,266,6816,7082
5/14/2019,245,6374,6619
5/15/2019,296,6211,6507
5/16/2019,224,5465,5689
5/17/2019,185,4242,4427
5/18/2019,116,2309,2425
5/19/2019,241,4256,4497
5/20/2019,220,6501,6721
5/21/2019,232,6143,6375
5/22/2019,213,6036,6249
5/23/2019,215,5562,5777
5/24/2019,165,3937,4102
5/25/2019,101,2247,2348
5/26/2019,134,3122,3256
5/27/2019,,4033,4033
5/28/2019,274,6671,6945
5/29/2019,316,7031,7347
5/30/2019,284,6260,6544
5/31/2019,241,4785,5026
6/1/2019,94,2907,3001
6/2/2019,239,4970,5209
6/3/2019,378,7173,7551
6/4/2019,357,7075,7432
6/5/2019,342,6688,7030
6/6/2019,262,5855,6117
6/7/2019,320,4926,5246
6/8/2019,192,3621,3813
6/9/2019,218,4279,4497
6/10/2019,350,4940,5290
6/11/2019,284,5429,5713
6/12/2019,170,4366,4536
6/13/2019,122,2819,2941
6/14/2019,63,2209,2272
6/15/2019,35,484,519
6/16/2019,52,372,424
6/17/2019,87,1439,1526
6/18/2019,99,1327,1426
6/19/2019,90,1386,1476
6/20/2019,65,1305,1370
6/21/2019,98,1111,1209
6/22/2019,73,470,543
6/23/2019,100,420,520
6/24/2019,107,1912,2019
6/25/2019,102,1896,1998
6/26/2019,151,2026,2177
6/27/2019,150,2137,2287
6/28/2019,93,1485,1578
6/29/2019,93,609,702
6/30/2019,139,505,644
